0.999923 -0.00042996 -0.0996094 5.20738e-05 0.999479 0.0886841 0 0 1 1
0.999918 -0.00052092 -0.615417 0.000174998 0.999703 0.0706177 0 0 1 1
0.999906 0.00170205 -1.07767 0.00016164 0.999429 0.119537 0 0 1 1
0.999831 0.00202871 -0.454529 -0.000355509 0.999403 0.191101 0 0 1 1
0.999882 0.00167433 0.323853 -0.000397232 0.999817 0.00247192 0 0 1 1
0.999871 -0.00181776 1.32693 -0.000197878 1.00115 -0.425537 0 0 1 1
0.999998 -0.00178449 -0.0271912 0.000398941 1.00013 0.0883789 0 0 1 1
1.00007 0.000734553 -1.10098 0.000435405 0.999111 0.270508 0 0 1 1
0.999902 0.00108921 -0.740479 0.000122304 0.999719 -0.00860596 0 0 1 1
0.999965 0.000617378 -0.122711 6.08324e-05 1.00014 -0.103241 0 0 1 1
0.999992 -0.000457948 0.190186 -1.62361e-06 1.00004 -0.00500488 0 0 1 1
1.00002 -0.000207976 -0.232971 -7.14775e-05 0.999987 0.086853 0 0 1 1
0.999954 5.64596e-05 -0.284546 -0.00011466 0.999782 0.121368 0 0 1 1
0.999884 0.00062742 -0.314026 -0.000164494 0.999745 0.102722 0 0 1 1
0.999942 -7.02145e-05 -0.0930176 -7.38313e-05 1.00015 -0.068634 0 0 1 1
0.999925 0.000290058 -0.256683 7.96699e-05 0.999897 0.0467529 0 0 1 1
0.999819 -0.000242725 0.0614319 0.000206611 1 -0.0485535 0 0 1 1
1.00002 0.000669226 -0.321259 -7.26349e-05 0.999457 0.192078 0 0 1 1
0.999873 0.00121533 -0.262665 -0.000597843 0.999143 0.277161 0 0 1 1
0.999868 -4.5662e-05 0.26593 -0.000364079 0.99975 -0.0968933 0 0 1 1
0.999986 -0.00014555 -0.116577 -8.68474e-06 1.00017 -0.297729 0 0 1 1
0.999821 -0.000499027 -0.100861 0.000257356 1.00019 -0.131866 0 0 1 1
0.999983 -0.000100805 -0.217926 0.000209493 0.999676 0.0716248 0 0 1 1
0.999888 -0.000978484 -0.221741 7.39407e-05 0.999886 0.0104065 0 0 1 1
0.999964 0.000734781 -0.888275 -0.000329804 0.999232 0.302063 0 0 1 1
0.99992 0.00072923 -0.667694 -0.000350144 1.00005 -0.097168 0 0 1 1
1.00003 0.000436992 -0.517822 -0.000110206 1.00015 -0.0447693 0 0 1 1
0.999949 0.000901313 -0.333862 -0.000263357 1.00018 -0.0148926 0 0 1 1
0.999938 -0.000914386 0.251923 0.000202521 1.00101 -0.350494 0 0 1 1
1.00011 0.000685366 -0.205109 0.000513977 0.999926 -0.0326843 0 0 1 1
0.999912 -0.000370123 0.512177 0.000170239 1.00004 -0.130463 0 0 1 1
0.999958 -0.00102528 0.504089 2.52768e-05 1.00044 -0.194641 0 0 1 1
1.00002 0.000461356 -0.280548 -0.000360771 0.999747 0.183563 0 0 1 1
0.999853 0.00103616 -0.401398 -0.00092534 0.99955 0.298981 0 0 1 1
0.99983 0.000152344 -0.0722351 -0.000887827 1.00007 0.0771484 0 0 1 1
1.00001 -0.000965549 -0.276245 -0.000103954 1.00014 -0.0227051 0 0 1 1
0.999981 0.00128179 -0.811279 0.000181406 0.999585 0.16983 0 0 1 1
1.00008 -0.000278778 0.111145 0.000558174 1.00037 -0.205841 0 0 1 1
1.00008 -0.000218016 0.310669 0.000218375 0.99937 0.231781 0 0 1 1
1.00002 -0.00101688 0.469849 -3.6183e-05 0.999791 0.064209 0 0 1 1
1.00007 -0.000431739 -0.13504 -0.00020972 0.99971 0.103241 0 0 1 1
0.999929 0.000324184 -0.434204 -0.000416733 0.999341 0.283783 0 0 1 1
0.999944 0.000582696 -0.3078 -0.000196746 1.00004 -0.0575562 0 0 1 1
1.0001 0.000592856 -0.109589 0.000116537 1.00014 -0.0944824 0 0 1 1
0.999942 1.15378e-05 0.345459 0.000194347 0.99999 -0.0409851 0 0 1 1
1.00001 -0.000348312 0.444061 0.000284548 0.999902 -0.0207214 0 0 1 1
1 3.1261e-05 0.27356 -8.99286e-06 0.999285 0.190552 0 0 1 1
0.999936 -0.000419856 0.189117 -0.000414301 0.999832 0 0 0 1 1
0.999917 -0.000399091 -0.290375 -8.50729e-05 1.00004 0.0078125 0 0 1 1
0.999991 0.00163413 -0.800842 -0.000271636 0.999593 0.209381 0 0 1 1
0.999923 0.000465829 0.05896 -0.000513798 0.999772 0.15625 0 0 1 1
1.00014 -0.000549255 0.25293 -0.000283544 1.00017 -0.0712891 0 0 1 1
1.0001 -0.000214825 0.131744 0.000343232 1.00071 -0.24707 0 0 1 1
1.00014 0.000142563 0.174103 0.000512272 0.999943 -0.0172119 0 0 1 1
0.999978 4.92742e-05 0.557953 0.000120978 0.999668 0.0826111 0 0 1 1
1.00007 -0.00101762 0.929901 -1.17559e-05 0.999936 -0.10672 0 0 1 1
1.00008 -0.00197354 0.555206 -0.000165301 1.00079 -0.274139 0 0 1 1
1.00013 -0.000715763 -0.313354 -9.06709e-05 1.0005 -0.115845 0 0 1 1
1.00016 0.000232353 -0.674561 -0.000224993 1.00033 -0.0161133 0 0 1 1
1.00018 -0.000119579 -0.340454 -0.000266029 1.00065 -0.166626 0 0 1 1
1.0002 -0.00066217 -0.104431 -0.000189448 1.00098 -0.292633 0 0 1 1
1.0001 -0.00109395 -0.0115356 0.000294941 1.00138 -0.507996 0 0 1 1
1.00013 -0.00014478 0.0394897 0.000143515 1.00051 -0.207977 0 0 1 1
1.00026 -0.000870288 0.299133 -9.11901e-05 1.00059 -0.18631 0 0 1 1
1.00003 -0.000530591 0.174927 -0.000645277 1.00027 0.00317383 0 0 1 1
0.999983 0.000161835 -0.375183 -0.000821259 1.00014 0.0578918 0 0 1 1
1.00002 0.0014565 -0.394196 -0.00048544 1.00069 -0.219177 0 0 1 1
1.00004 0.000767788 0.236511 0.000113963 1.0006 -0.343445 0 0 1 1
0.999938 -0.000795117 0.789429 0.000211725 0.999887 -0.10202 0 0 1 1
0.9998 -0.00098624 0.200897 0.000193511 0.999572 0.102722 0 0 1 1
0.999895 -0.000405987 -0.488739 0.000198132 0.999226 0.253937 0 0 1 1
0.999739 0.00100656 -0.921234 0.000213851 0.998979 0.298737 0 0 1 1
0.999807 0.00174844 -0.723663 0.000406245 0.999503 0.122711 0 0 1 1
0.999983 0.00101084 0.052063 0.000546145 1.00019 -0.0362549 0 0 1 1
0.999925 -2.73156e-05 0.681335 0.000771636 0.999887 -0.0440674 0 0 1 1
0.999983 -0.000416941 0.605774 0.000661168 0.999504 0.186829 0 0 1 1
0.999859 -0.00133104 0.389435 0.000177936 0.999013 0.377533 0 0 1 1
0.999927 0.000490844 -0.831573 -0.000731616 0.998498 0.644897 0 0 1 1
0.999522 0.00118731 -1.10455 -0.001242 0.99891 0.509247 0 0 1 1
0.999804 0.00077118 -1.41138 -0.000812617 0.999813 0.136566 0 0 1 1
0.999969 0.00266704 -1.7345 -0.000189374 0.999956 0.133911 0 0 1 1
0.999974 0.00183846 -0.306366 0.000473559 1.00023 -0.0612488 0 0 1 1
1.00008 0.00025202 0.904877 0.000852075 1.00052 -0.302429 0 0 1 1
1.00011 -0.000403337 1.4072 0.000526655 1.00058 -0.28241 0 0 1 1
1.00012 -0.00216725 1.48227 0.000728533 1.00069 -0.414642 0 0 1 1
0.999983 -0.00195621 0.599884 0.000623019 1.00022 -0.122375 0 0 1 1
1.00012 0.000600624 -0.438995 -0.00013646 0.999577 0.201141 0 0 1 1
0.999843 0.000995076 -0.00524902 -0.000737327 0.999376 0.18692 0 0 1 1
1.00003 -0.00055493 0.217346 -0.000802663 1.00055 -0.171295 0 0 1 1
1.00003 0.000418609 -0.301849 0.000281197 1.00083 -0.339813 0 0 1 1
0.999987 0.000556813 0.312927 0.000865393 1.00082 -0.507904 0 0 1 1
0.99999 -0.0017876 1.32571 0.00151677 1.00059 -0.480011 0 0 1 1
0.999951 -0.00224844 1.13342 0.00147087 0.999635 -0.22583 0 0 1 1
0.999999 -0.00158563 0.378723 0.000836322 0.999753 -0.124756 0 0 1 1
1.00004 0.00175716 -0.752502 -0.000334391 0.999127 0.466156 0 0 1 1
0.999726 0.00352282 -0.642242 -0.00209957 0.998104 0.950684 0 0 1 1
0.99953 0.00146259 0.301544 -0.00195574 0.999885 -0.119629 0 0 1 1
0.999976 -0.000150748 0.392609 0.000403106 1.00217 -1.08228 0 0 1 1
1 -0.00278622 1.0965 0.00342204 1.00162 -1.0444 0 0 1 1
1.00003 -0.00433562 1.63403 0.00477197 0.999172 -0.858856 0 0 1 1
1.00006 -0.00189003 0.871521 0.00197997 0.999328 -0.00234985 0 0 1 1
0.999886 0.00338006 -0.707397 -0.00305529 0.99811 1.52612 0 0 1 1
0.999416 0.00626425 -1.34366 -0.00592368 0.995715 2.39407 0 0 1 1
0.999353 0.00157171 -0.414124 -0.00368997 1.00235 -0.855469 0 0 1 1
0.999863 -0.00251945 -0.281189 0.00239127 1.005 -2.22485 0 0 1 1
1.00023 -0.00447301 0.213806 0.00693258 1.00194 -1.32056 0 0 1 1
1.00059 -0.00163085 0.413544 0.0061226 0.998045 0.105408 0 0 1 1
1.00041 0.00117042 0.959656 -0.000257657 0.997159 1.60901 0 0 1 1
0.999411 0.00567921 -0.425293 -0.00847479 0.992855 4.80743 0 0 1 1
0.998733 0.00593108 -1.34601 -0.00925989 0.996345 1.40164 0 0 1 1
0.999258 0.00262063 -1.11383 -0.00326611 1.00226 -1.92401 0 0 1 1
1.00045 -0.00781298 1.29129 0.00550994 1.00695 -3.75958 0 0 1 1
1.00028 -0.0102276 1.33051 0.0102751 1.00276 -1.86304 0 0 1 1
1.00077 -0.00959966 1.04193 0.00994218 1.00123 -1.70938 0 0 1 1
1.00056 0.00083946 -1.82361 0.00165475 0.998292 1.55701 0 0 1 1
0.999763 0.0145187 -5.31424 -0.010649 0.995975 5.17056 0 0 1 1
0.997693 0.0138979 -2.74561 -0.0164629 0.98469 7.16794 0 0 1 1
0.997956 0.0109718 -2.71005 -0.0127357 1.00481 -2.65158 0 0 1 1
0.999506 0.00151514 -0.524292 -0.00147453 1.00994 -5.49716 0 0 1 1
0.999953 -0.0104597 1.27484 0.00833026 1.00954 -5.77866 0 0 1 1
1.00172 -0.01405 -0.0246582 0.0141783 1.00803 -3.62894 0 0 1 1
1.00166 -0.00792041 -1.92648 0.0128607 1.0013 -0.799011 0 0 1 1
1.00103 0.00211187 -2.89859 0.00295024 0.996813 2.75397 0 0 1 1
1.00018 0.0169821 -5.18491 -0.0109277 0.998146 4.97009 0 0 1 1
0.999146 0.0138598 -2.05408 -0.0161667 0.983858 7.14035 0 0 1 1
0.998369 0.0123 -1.71954 -0.0100447 1.00432 -2.47491 0 0 1 1
0.99983 -0.00468215 3.41251 0.00169681 1.01074 -6.35062 0 0 1 1
1.00091 -0.0146614 3.26273 0.0128291 1.01297 -7.53024 0 0 1 1
1.00234 -0.019069 2.07367 0.0187643 1.0075 -2.88632 0 0 1 1
1.00251 -0.0154494 1.44882 0.0161345 1.00633 -1.75024 0 0 1 1
1.00186 0.00561733 -3.24448 0.00201004 0.995041 5.35318 0 0 1 1
1.00056 0.0134264 -2.17621 -0.0109804 0.990595 8.61292 0 0 1 1
0.998316 0.012141 -0.980621 -0.017711 0.978879 9.49683 0 0 1 1
0.99703 0.0162586 -3.01712 -0.0170096 1.00548 -2.6424 0 0 1 1
0.998337 0.00918744 -1.23499 -0.0102388 1.0017 -1.35217 0 0 1 1
0.999943 -0.00779227 2.75903 0.00132555 1.00622 -3.14273 0 0 1 1
1.0002 -0.0130264 1.6716 0.0113002 1.00746 -4.48337 0 0 1 1
1.00202 -0.0199871 1.5798 0.0177112 1.00544 -3.69412 0 0 1 1
1.0011 -0.0244987 3.84241 0.0232964 1.00011 -3.99265 0 0 1 1
0.999875 -0.0183301 2.46335 0.0217669 0.990157 -1.78625 0 0 1 1
1.00011 -0.0123773 2.94873 0.0156491 0.999579 -4.29623 0 0 1 1
1.00084 -0.00580541 0.919281 0.00318223 0.995557 1.88229 0 0 1 1
1.00039 0.00979031 -4.75549 -0.013648 0.993861 8.19867 0 0 1 1
0.999709 0.0258507 -9.24619 -0.0219391 0.991815 10.3454 0 0 1 1
0.998459 0.024841 -5.88196 -0.0220581 0.996597 6.31741 0 0 1 1
0.997901 0.00249422 0.655548 -0.0108322 1.00321 -1.99405 0 0 1 1
1.0003 -0.00541304 -1.79507 -0.00163411 1.01378 -5.94717 0 0 1 1
0.995671 -0.012196 -0.864929 0.00708925 1.00653 -2.1658 0 0 1 1
1.00198 -0.00545448 -6.8129 0.00937651 0.99934 1.29691 0 0 1 1
1.00076 0.00476235 -5.28842 0.00737597 0.992846 1.95999 0 0 1 1
1.00003 0.00944691 0.547089 0.000543757 0.993399 1.02164 0 0 1 1
1.00059 0.000968911 4.85272 -0.00728471 0.999528 0.167206 0 0 1 1
0.999062 -0.00424085 3.1644 -0.00907674 1.00197 0.282654 0 0 1 1
1.00041 -0.00292147 -3.06036 -0.00468888 1.00459 -0.876984 0 0 1 1
0.999623 0.000657528 -5.49432 0.00202925 1.00023 -0.169922 0 0 1 1
0.999811 -0.00328178 -1.75027 0.00967735 1.00113 -3.57278 0 0 1 1
1.00003 -0.00502471 1.62393 0.0114929 0.999041 -3.0275 0 0 1 1
0.999569 -0.00369744 4.12149 0.00586707 0.996097 -0.96109 0 0 1 1
1 6.58072e-05 2.25964 -0.0050492 0.996824 2.09033 0 0 1 1
0.999189 0.00622036 -1.79715 -0.0146574 0.995328 6.00113 0 0 1 1
0.997054 0.0114164 -5.5816 -0.0131036 0.989111 3.9248 0 0 1 1
0.997333 0.0155872 -3.52588 -0.0116044 0.995489 -0.884613 0 0 1 1
0.999568 0.00391033 1.16058 -0.00112153 1.00881 -9.01239 0 0 1 1
1.00026 -0.0100485 4.28259 0.00727272 1.01126 -9.28354 0 0 1 1
1.0009 -0.00781625 2.0029 0.00814827 1.01073 -4.66992 0 0 1 1
1.00189 0.00350613 -0.136932 0.00531628 1.002 2.0798 0 0 1 1
1.00096 0.00171872 2.65781 0.00239163 0.997297 3.58826 0 0 1 1
0.999173 -0.00409969 4.69394 0.00147693 0.99445 1.47345 0 0 1 1
0.998416 -0.000870646 2.86209 0.00142018 0.991653 -0.850464 0 0 1 1
1.00095 -0.00527977 5.94968 0.0140692 1.00951 -18.054 0 0 1 1
1.0056 0.00338878 3.2236 0.0117303 0.997313 -7.41397 0 0 1 1
1.00503 -0.0122153 12.0616 0.011442 0.996393 -8.88199 0 0 1 1
1.00093 -0.0190412 14.1036 0.00893553 1.00381 -7.82492 0 0 1 1
0.999619 -0.0151068 8.24234 0.00128921 1.00068 -2.04062 0 0 1 1
1.0004 -0.0188825 0.329376 -0.000952367 1.00283 -1.85339 0 0 1 1
1.00181 -0.00576952 -8.52359 -0.000992887 1.00791 -1.66925 0 0 1 1
0.993305 0.00210953 -7.58331 -0.000807223 0.995673 4.60272 0 0 1 1
0.994983 0.0121372 -8.75067 -0.00928011 0.994629 7.51883 0 0 1 1
0.999419 0.0283612 -11.6718 -0.0200238 0.989193 12.212 0 0 1 1
0.998907 0.019982 -6.27151 -0.01824 0.994601 6.2865 0 0 1 1
0.999452 0.0112827 -3.35303 -0.00857428 0.999033 1.49524 0 0 1 1
0.99947 -0.00355228 2.0401 0.00439397 1.00471 -4.58224 0 0 1 1
1.00022 -0.0148455 4.71472 0.0151858 1.0062 -7.53546 0 0 1 1
1.00016 -0.0185227 4.71545 0.0163711 1.00251 -5.15515 0 0 1 1
1.00033 -0.0124582 2.05817 0.0122506 0.994797 -1.04599 0 0 1 1
0.999314 -0.00555091 0.946472 0.00273009 0.988453 2.26965 0 0 1 1
0.998505 0.0148205 -4.99707 -0.00914103 0.996532 1.28741 0 0 1 1
0.998094 0.0201321 -3.38187 -0.018482 0.992586 4.52454 0 0 1 1
1.0002 0.0256634 -3.24005 -0.0213614 0.998923 2.61499 0 0 1 1
1.00403 0.0225129 -1.22531 -0.0177549 1.00442 -1.17502 0 0 1 1
1.00486 0.00283405 5.47183 -0.00631001 1.00258 -3.70197 0 0 1 1
1.00474 -0.0154956 9.5928 0.00629656 1.00634 -8.78314 0 0 1 1
1.00018 -0.0263987 9.37692 0.0144933 1.01681 -10.4739 0 0 1 1
1.00059 -0.0149812 1.56033 0.00998915 1.00516 -2.25443 0 0 1 1
0.997889 0.00755777 -5.38037 -0.00297028 0.997364 4.9986 0 0 1 1
0.999115 0.0131332 -5.71777 -0.0121598 0.993363 6.01129 0 0 1 1
0.998358 0.013983 -4.82922 -0.0137309 0.990432 3.61319 0 0 1 1
0.998013 0.0178062 -3.58926 -0.0119425 0.99305 0.0319214 0 0 1 1
0.996834 -0.00107047 6.1333 -0.0018083 1.0047 -7.54025 0 0 1 1
0.998153 -0.023568 11.6354 0.0109181 1.01204 -12.3229 0 0 1 1
0.999785 -0.0356792 8.06149 0.0219334 1.00977 -9.78958 0 0 1 1
0.996738 -0.0339462 3.74957 0.025482 0.999533 -5.56943 0 0 1 1
0.993003 -0.0237121 -1.17749 0.0237387 1.00626 -6.22049 0 0 1 1
0.994811 -0.00957735 -4.20306 0.0150928 0.986957 4.70084 0 0 1 1
0.997689 0.00772793 -7.03235 0.00266026 0.987125 4.13586 0 0 1 1
0.998693 0.0259931 -8.33316 -0.0138443 0.99131 5.82373 0 0 1 1
0.998559 0.0261558 -3.67923 -0.0214542 0.993205 5.26254 0 0 1 1
1.00185 0.024548 -2.48044 -0.0180001 0.99961 -1.21927 0 0 1 1
1.00511 0.00812728 4.42615 -0.00622666 1.0069 -7.76471 0 0 1 1
1.00775 -0.0111585 9.76569 0.00971831 1.00182 -9.94171 0 0 1 1
1.00768 -0.0186687 10.3809 0.0134126 1.00556 -10.0519 0 0 1 1
1.00175 -0.0188738 8.91266 0.0133501 1.01238 -7.93668 0 0 1 1
1.00072 -0.0119911 3.65469 0.00728446 0.998608 1.67889 0 0 1 1
1.00009 0.0123603 -5.16058 -0.00705145 0.989643 6.27069 0 0 1 1
0.998905 0.027871 -5.87228 -0.0179514 1.00099 4.66119 0 0 1 1
0.999204 0.0272183 -1.67508 -0.0193369 0.99371 7.24911 0 0 1 1
0.997428 0.0227331 1.94669 -0.013222 0.989558 5.22894 0 0 1 1
1.00108 0.00362979 6.77536 -0.00968523 0.998504 -1.31741 0 0 1 1
1.0009 -0.0139193 9.31287 0.00271666 0.996701 -6.72128 0 0 1 1
1.00005 -0.0214905 7.58148 0.010469 1.00227 -11.1474 0 0 1 1
0.998827 -0.0258417 6.0332 0.0196764 1.00499 -12.2032 0 0 1 1
0.999342 -0.0278947 4.01144 0.0224412 1.0006 -8.54678 0 0 1 1
0.998151 -0.0197735 1.77087 0.0208953 0.991451 -5.96234 0 0 1 1
0.99941 0.00371569 -2.43463 0.0107275 0.993062 -3.37686 0 0 1 1
1.00012 0.0188548 -1.09842 -0.00718536 0.9953 2.49149 0 0 1 1
1.00041 0.0204917 1.55334 -0.0186919 0.999473 4.85126 0 0 1 1
1.00012 0.0062038 4.43759 -0.0126262 1.00281 0.730011 0 0 1 1
0.999828 -0.0117305 4.90601 -0.00228416 1.01159 -3.07913 0 0 1 1
0.999033 -0.0258643 2.22092 0.0115724 1.00035 -2.8696 0 0 1 1
0.99498 -0.0247279 0.341675 0.0257223 0.996659 -7.91885 0 0 1 1
1.03653 -0.0110204 -13.9493 0.0219382 1.03556 -16.177 0 0 1 1
1.04254 0.00520137 -15.4484 0.00489562 1.0488 -9.23145 0 0 1 1
1.02672 0.0118136 -10.74 -0.0140153 1.01581 2.90469 0 0 1 1
1.01737 0.0216895 -13.3436 -0.0225707 1.01538 3.91788 0 0 1 1
0.999101 0.0207536 -6.15973 -0.0221692 0.99565 8.53473 0 0 1 1
1.04534 -0.0031061 -15.6042 -0.00394342 1.046 -12.8046 0 0 1 1
0.998082 -0.0205962 2.5524 0.0142564 0.997343 -9.64987 0 0 1 1
1.02187 -0.0187049 -5.53491 0.0184016 1.03282 -17.9232 0 0 1 1
1.02958 0.00288472 -9.74399 0.00957274 1.02951 -11.4701 0 0 1 1
1.00173 0.0160874 -0.999969 -0.00864862 1.00828 5.32812 0 0 1 1
1.04737 0.0252875 -16.9339 -0.0258763 1.05038 3.95013 0 0 1 1
1.02664 0.0271107 -12.8752 -0.0243591 1.01468 7.88657 0 0 1 1
0.998791 0.00953022 3.83777 -0.00684623 0.997632 1.88007 0 0 1 1
1.01997 -0.0062897 1.60147 0.0107977 1.02903 -18.0222 0 0 1 1
1.06097 -0.0330779 -4.08832 0.0208607 1.06491 -31.5879 0 0 1 1
0.999234 -0.0338298 6.02911 0.0206574 1.00685 -12.0667 0 0 1 1
1.03041 -0.0156865 -14.7719 0.014841 1.03856 -9.44672 0 0 1 1
1.03188 0.0129385 -19.9616 0.00249139 1.02551 -0.355682 0 0 1 1
1.00045 0.0270366 -3.14554 -0.0110262 0.997462 10.0176 0 0 1 1
1.03672 0.0330642 -7.71588 -0.0167305 1.02525 0.449066 0 0 1 1
1.03204 0.0146588 9.16986 -0.0135596 1.0302 -9.72183 0 0 1 1
1.01885 -0.00518036 9.94922 -0.0100368 1.0035 -7.9931 0 0 1 1
1.03228 -0.0301498 5.53589 0.0067445 1.04637 -22.7459 0 0 1 1
0.999683 -0.0313594 -1.03735 0.0150717 1.00467 -8.4205 0 0 1 1
0.997956 -0.0247043 -11.2736 0.0192826 0.998973 -4.84299 0 0 1 1
0.999192 -0.0139029 -15.6177 0.019575 0.993625 -1.34705 0 0 1 1
0.99692 -0.00429066 -9.19971 0.014623 0.990999 -2.48874 0 0 1 1
0.999814 0.00713738 -3.89703 0.00577955 0.995782 -3.11487 0 0 1 1
0.999086 0.0156547 3.84515 -0.00625331 0.998057 0.698456 0 0 1 1
0.999543 0.0254268 8.04639 -0.0173333 0.997013 2.76965 0 0 1 1
1.01211 0.0295719 5.4256 -0.0232635 1.00005 0.980316 0 0 1 1
1.00121 0.00532243 19.7794 -0.0222513 1.00069 -0.563843 0 0 1 1
0.997353 -0.00534902 13.5082 -0.00961946 0.999875 -3.85751 0 0 1 1
0.999101 -0.0244878 3.38971 0.00473692 1.00478 -5.07556 0 0 1 1
0.997842 -0.0277091 -8.45801 0.0172519 1.01139 -4.96085 0 0 1 1
0.994527 -0.0224113 -12.7983 0.0281049 0.993018 -1.46564 0 0 1 1
0.988291 -0.0103099 -7.72858 0.0203474 1.00252 0.552643 0 0 1 1
1.00025 0.0104123 -13.2577 0.00491289 0.982395 15.2355 0 0 1 1
0.999898 0.0147889 -3.32275 -0.00956084 0.991877 6.03064 0 0 1 1
0.999474 0.0228432 -4.28513 -0.0215389 0.999573 7.99557 0 0 1 1
0.998101 0.0326336 0.364014 -0.0193244 0.979381 3.79123 0 0 1 1
1.0059 0.00425857 12.0665 -0.0152178 1.00237 -15.4633 0 0 1 1
0.999709 -0.019233 17.3574 0.00332354 1.01565 -21.1634 0 0 1 1
1.0002 -0.022648 7.77063 0.0098314 1.01134 -12.1296 0 0 1 1
0.999119 -0.0253018 -0.506348 0.0140734 1.00983 -5.02866 0 0 1 1
0.997589 -0.0101411 -8.14575 0.0132659 0.997487 4.51981 0 0 1 1
1.00035 0.00757783 -7.13605 0.00674923 0.993959 6.55157 0 0 1 1
1.00086 0.0146925 -0.825073 -0.00626664 0.993368 8.10336 0 0 1 1
0.99919 0.0181934 2.63599 -0.0158629 0.99 6.32782 0 0 1 1
1.00089 0.017655 3.06909 -0.0179579 0.993344 -2.53134 0 0 1 1
0.999776 0.0124448 3.36761 -0.019104 1.00769 -4.4599 0 0 1 1
0.999549 -0.00195536 3.23969 -0.00612503 1.01185 -7.2637 0 0 1 1
1.00004 -0.0288516 -1.25854 0.0109262 1.00969 -5.49582 0 0 1 1
0.992638 -0.0325874 -7.98523 0.0249879 1.00387 -3.52499 0 0 1 1
0.997565 -0.00935915 -16.3946 0.0245208 0.996779 3.9816 0 0 1 1
1.00125 0.0117047 -10.4402 0.00854621 0.992381 10.6763 0 0 1 1
1.00124 0.0132054 0.905396 -0.00207018 0.996621 9.93961 0 0 1 1
1.00014 0.0106731 6.99557 -0.00724983 0.995552 7.61795 0 0 1 1
0.999829 0.000152084 8.32971 -0.00553663 0.998078 0.389557 0 0 1 1
0.999809 -0.00511695 2.40302 -0.00339268 1.00143 -1.79593 0 0 1 1
1.00018 0.000998401 -4.00854 -0.00396997 1.00125 0.479523 0 0 1 1
1.00007 0.00995788 -5.32391 -0.00606571 0.998969 2.31274 0 0 1 1
0.999785 0.0138286 -2.03986 -0.00719067 0.998272 3.21017 0 0 1 1
1.00031 0.00846155 3.20685 -0.00514874 1.00476 -1.16345 0 0 1 1
1.00003 -0.00772363 4.95215 -0.000907285 1.00904 0.321075 0 0 1 1
1.00084 -0.0116467 -1.82208 0.00563505 1.00371 3.159 0 0 1 1
1.00132 -0.00949974 -8.1225 0.00577488 0.999167 6.34961 0 0 1 1
1.00158 0.00544715 -11.1064 0.00303776 0.996129 7.68271 0 0 1 1
1.00014 0.00890998 -3.98807 -6.50413e-05 0.99289 5.47858 0 0 1 1
0.999669 0.00582936 2.04398 -0.00257389 0.996682 0.790955 0 0 1 1
0.999449 0.00617735 4.32382 -0.0038591 1.00011 -2.5097 0 0 1 1
1.00006 0.000182432 5.10126 -0.00339172 1.00371 -1.5603 0 0 1 1
0.999862 -0.00442121 2.14423 -0.00171203 1.00139 -0.747437 0 0 1 1
1.00012 -0.00329278 -2.36395 8.39861e-05 1.00313 0.0632324 0 0 1 1
1.00044 0.00119512 -4.9502 0.000145706 0.998365 3.14667 0 0 1 1
1.00006 0.00231677 -2.85205 -0.000159618 0.999287 1.52243 0 0 1 1
1.0002 0.00200376 -1.09802 8.62343e-06 0.999961 1.44421 0 0 1 1
1.00012 -0.00292422 0.687012 0.00104416 0.999346 0.613434 0 0 1 1
0.999741 -0.000779916 -1.31723 0.000334796 1.00011 0.330658 0 0 1 1
1.00001 0.00402292 -1.58655 -0.00147789 0.99995 1.62827 0 0 1 1
1 0.00120295 -0.407867 -0.0021147 0.999891 1.51227 0 0 1 1
1.00025 0.00160721 -1.40079 -0.00180967 1.0001 1.72025 0 0 1 1
1.00015 0.00367426 -1.58838 -0.00295276 1.00064 1.5459 0 0 1 1
1.00027 0.00176802 -1.0647 -0.0019667 1.00086 2.24692 0 0 1 1
1.00017 0.00167754 -1.05688 -0.00138906 1.00018 2.12262 0 0 1 1
0.999906 0.00180462 -1.10486 -0.00192049 0.999193 1.67722 0 0 1 1
0.9999 0.00260177 -0.837463 -0.00115757 1.00007 0.992096 0 0 1 1
1.00007 0.000100281 0.228821 1.71994e-05 1.00013 0.635559 0 0 1 1
0.99996 -0.000374167 0.529541 0.00085312 0.998861 -0.111359 0 0 1 1
0.999768 -0.0014007 1.21185 0.00093019 1.00045 -0.639252 0 0 1 1
0.999816 -0.00127445 1.13208 0.00136512 1.00051 -0.831268 0 0 1 1
1.00025 -0.00256002 0.411011 0.00133006 1.00008 -0.325989 0 0 1 1
1.00013 0.000949148 -0.419189 0.00121038 1.00002 0.262939 0 0 1 1
1.00005 0.00114609 1.3255 -0.000210069 0.999727 0.2323 0 0 1 1
1.00003 -0.000607715 1.33942 -0.000230751 1.00003 0.231567 0 0 1 1
0.999999 -0.0011426 0.740356 0.00026954 1.00015 -0.153503 0 0 1 1
0.999843 -0.00171033 0.0804749 7.98342e-05 0.998244 0.206696 0 0 1 1
0.999733 0.0011126 -0.55542 -7.43007e-05 0.998903 -1.25229 0 0 1 1
0.999982 0.0015327 0.0609131 -0.00111066 1.00297 -1.27267 0 0 1 1
0.99992 -2.8262e-05 0.499573 -0.000353979 0.998771 -0.0832214 0 0 1 1
1.00004 -6.62909e-05 -0.0580444 -0.000414131 1.00146 -0.433624 0 0 1 1
0.99998 0.000175063 -0.119995 0.000187202 1.0004 0.123535 0 0 1 1
0.999917 0.000813228 0.142456 0.000258542 1.00027 0.440369 0 0 1 1
0.999904 0.000780954 1.40637 3.55892e-05 0.999615 0.0658264 0 0 1 1
1.00006 -0.00115582 1.77594 0.000847899 1.00008 -0.210022 0 0 1 1
0.999908 -0.00275448 1.47897 0.00176486 0.999765 -1.26538 0 0 1 1
1.00001 0.00150548 0.556702 0.000166491 1.00068 -0.343201 0 0 1 1
0.999972 0.00125986 1.44324 -0.00109865 1.00026 0.641846 0 0 1 1
1.00002 -0.00270339 1.46106 0.000119954 1.00012 -0.256683 0 0 1 1
1.00035 -0.0023042 -0.759552 0.000543787 1.00241 0.257904 0 0 1 1
1.00008 0.000528495 -1.58887 0.000428534 0.999006 1.62262 0 0 1 1
1.00001 0.000623874 -0.90332 0.000632605 0.999055 0.756073 0 0 1 1
0.999901 0.000926581 -0.0895081 0.000162443 1.00008 0.21875 0 0 1 1
1.00003 0.000281423 0.155396 -0.000627679 0.999914 0.696381 0 0 1 1
0.999984 0.0014894 0.05896 -0.000801311 0.998771 0.477875 0 0 1 1
0.999934 -0.000412645 0.478088 -0.000270641 1.00045 -0.598846 0 0 1 1
1.00014 0.000205727 0.0681152 -0.00049484 1.00085 -0.000610352 0 0 1 1
0.999889 -0.000504394 -0.0693359 -9.90387e-05 0.999212 0.302948 0 0 1 1
0.999983 -0.000542409 -0.416138 0.000103804 1.00035 -0.527435 0 0 1 1
1.00002 0.000639956 -0.50769 -0.000464732 0.999849 -0.0341797 0 0 1 1
0.999997 0.00136765 -0.331055 -0.000961049 0.999973 0.233551 0 0 1 1
1.00002 0.000665991 -0.0354004 -0.00062481 0.999942 0.0684204 0 0 1 1
0.999941 -0.000652504 -0.0503235 -2.93817e-06 1.0001 -0.00421143 0 0 1 1
0.999942 0.000379533 -0.389252 3.04366e-05 1.00018 0.162628 0 0 1 1
1.00003 -5.16051e-05 -0.0708313 -7.21441e-05 0.999912 0.131714 0 0 1 1
0.999997 0.000485551 -0.0923157 -9.51286e-05 0.999589 0.139923 0 0 1 1
0.999983 2.80819e-06 0.437805 0.000294893 0.999519 -0.536896 0 0 1 1
0.99998 -0.00118185 0.406128 0.000387284 1.00032 -0.602875 0 0 1 1
1 -0.00069769 0.0540771 0.000257626 0.999866 -0.420135 0 0 1 1
1.00001 0.00141123 -0.177124 -0.00122482 1.00084 0.094696 0 0 1 1
0.999846 0.0002378 -0.282837 -0.000696603 1.00043 0.579315 0 0 1 1
1.00001 -0.000530241 -0.297546 0.000765591 0.999566 0.319336 0 0 1 1
1.00025 -0.00217443 -0.0858459 0.00180981 1.00072 -0.0773621 0 0 1 1
0.999853 -0.00117981 -0.0979614 0.00101666 0.99875 0.123993 0 0 1 1
1 -0.000244976 -0.483826 0.000355184 1.0005 -0.343292 0 0 1 1
0.999929 0.000871397 -0.308533 0.000117075 0.999806 0.0964661 0 0 1 1
1.00001 0.00134047 0.30069 -0.00025994 0.999013 0.0895691 0 0 1 1
0.999818 0.000132305 1.19611 -0.000105645 1.00126 -1.39688 0 0 1 1
1.00007 -0.00168622 0.550354 -0.000242784 1.00139 0.156738 0 0 1 1
0.99991 -0.000301695 -0.770996 0.000214355 0.998291 0.709229 0 0 1 1
1.00001 0.000783085 -0.186707 -7.75382e-06 1.0002 -0.106689 0 0 1 1
0.999963 -0.000920321 0.111206 4.55084e-05 1.00068 -0.0515442 0 0 1 1
0.999803 -0.00012438 -0.589783 0.000267971 0.999064 0.325348 0 0 1 1
0.999986 -0.000491542 -0.604523 -0.000128958 1.0005 -0.179108 0 0 1 1
0.99995 0.0016711 -0.734802 -0.000998048 0.999641 0.305939 0 0 1 1
0.999959 0.000209631 -0.381287 -0.000831453 1.00046 0.489532 0 0 1 1
1.00035 0.00046945 -1.19864 -0.000685161 0.999737 0.865753 0 0 1 1
0.999983 0.00209085 -0.831024 -9.02454e-05 1.00001 -0.23175 0 0 1 1
0.999715 -0.000377401 2.14801 -0.000296364 1.00023 -0.241302 0 0 1 1
0.999956 -0.000387173 0.0449219 -0.000182269 1.00044 0.136108 0 0 1 1
1.00021 0.00191132 -1.07678 -0.00112851 1.00135 1.16565 0 0 1 1
0.999985 -0.000125872 -0.289062 -0.000798763 0.999813 1.32559 0 0 1 1
1.00031 0.00091185 -1.25806 0.000363249 1.00034 0.811401 0 0 1 1
1.00008 0.0004563 -0.183594 0.000371146 0.999909 0.990021 0 0 1 1
0.99985 0.0010724 0.518494 0.000159957 0.998971 0.747101 0 0 1 1
0.999828 -0.00016536 1.45486 0.000252321 0.999748 -0.0874023 0 0 1 1
1.00024 -1.1086e-05 1.13849 0.000155166 1.00045 -0.0305786 0 0 1 1
0.999934 -0.000529441 0.450806 -0.000512461 1.00121 0.259796 0 0 1 1
1.00035 -0.000319452 -0.49231 -0.00048546 1.00086 1.44269 0 0 1 1
1.00016 0.0024238 -0.96109 -0.000570084 1.00022 1.52161 0 0 1 1
0.999974 0.000951103 0.434204 -0.000713299 0.997951 1.88815 0 0 1 1
0.999908 -0.000730349 0.182556 -0.000746815 1.0003 -0.434235 0 0 1 1
1.00003 0.00159481 -1.04968 -0.00108072 1.0011 0.463806 0 0 1 1
0.999895 0.00235602 -0.867035 -0.000894878 0.998276 1.23337 0 0 1 1
0.99996 0.00200032 0.354187 -0.00134649 0.999066 -0.231354 0 0 1 1
0.999793 0.00123551 0.387054 -0.00166355 1.00033 -0.50415 0 0 1 1
0.999686 0.00108764 1.31213 -0.000325413 1.00006 -1.32242 0 0 1 1
0.999985 -0.0026605 0.876984 0.000318073 1.00176 -0.433075 0 0 1 1
1.00007 -0.000623391 -0.541138 0.000574165 0.999204 0.338043 0 0 1 1
0.999881 -0.000866093 -0.924042 0.000504338 0.999911 -0.10968 0 0 1 1
0.999807 -0.000832887 -0.404663 0.00111509 0.999181 -0.488159 0 0 1 1
0.999909 0.000848602 -0.067688 0.000456425 1.00063 -0.390503 0 0 1 1
1.00006 0.000338228 -0.155304 -0.000670674 1.00095 0.531403 0 0 1 1
1.00006 0.000832863 -0.276672 -0.000888101 0.999775 1.11783 0 0 1 1
1.00001 -0.000582514 -1.6572 4.03672e-06 0.999461 1.97278 0 0 1 1
0.99991 -0.000916241 -0.635162 0.000833363 1.00057 -0.378113 0 0 1 1
0.999963 0.000853428 -0.360687 0.000149942 1.00061 0.470642 0 0 1 1
1.00017 0.000279501 -0.0889893 -0.000491025 0.999546 0.977478 0 0 1 1
0.99991 0.00120112 -0.728485 -0.00137689 1.00113 0.818085 0 0 1 1
1.00029 0.00115994 -0.449646 -0.00121377 1.00308 1.83932 0 0 1 1
1.0011 0.000960724 -1.56531 -0.000134182 1.00029 3.54294 0 0 1 1
1.00018 -0.00130585 -0.851532 -0.000166302 0.999132 2.8595 0 0 1 1
1.00011 0.000560177 -1.435 0.00134151 0.997875 1.51254 0 0 1 1
1.00003 -0.00136141 -0.374176 0.000578521 0.999834 0.0728149 0 0 1 1
0.999675 0.000487944 -1.05392 -0.000630118 1.00089 0.70697 0 0 1 1
1.00021 0.00443406 -1.15442 -0.000743615 0.99803 1.04437 0 0 1 1
1.00006 0.000654721 1.42432 -0.000669049 0.999082 -0.199524 0 0 1 1
0.999826 -0.000479653 1.58209 -0.000435724 0.99965 -1.0881 0 0 1 1
0.999906 -4.0556e-05 0.26825 -3.64516e-05 1.00108 -0.983948 0 0 1 1
0.999897 -0.000429798 0.278534 0.000226008 0.999908 -0.133972 0 0 1 1
0.999672 -0.000180506 0.553802 0.00045627 0.99864 -0.748474 0 0 1 1
1.00001 -0.000547049 0.978394 0.000425723 0.999853 -1.26596 0 0 1 1
0.999813 -0.00120583 1.46942 0.000544948 0.996372 -1.6647 0 0 1 1
0.999803 -0.00021181 0.974915 -0.000364923 1.00282 -3.02817 0 0 1 1
0.999667 -0.00157073 0.657776 4.72322e-05 1.00126 -2.03381 0 0 1 1
1.00004 0.000157673 -0.984619 1.02781e-05 1.00223 0.1492 0 0 1 1
0.967341 0.000204598 9.47067 9.22678e-05 0.965519 7.38544 0 0 1 1
0.968643 -0.00120281 9.35757 0.000705419 0.967727 6.83768 0 0 1 1
1.00008 0.000358286 -0.777466 0.0004245 1.00181 -1.07657 0 0 1 1
0.969506 0.00155307 10.8766 -0.000609382 0.9703 8.18118 0 0 1 1
0.97046 0.00045001 9.58295 -0.000894917 0.970484 8.33051 0 0 1 1
0.999983 -0.000577409 0.504608 -0.000168071 0.999589 0.494781 0 0 1 1
0.971345 -0.00122949 8.44836 0.000140337 0.96557 7.26395 0 0 1 1
0.940596 0.00011466 17.3084 2.78689e-05 0.946706 12.3263 0 0 1 1
0.999868 0.00342018 -0.432251 -0.000748444 0.999523 0.651428 0 0 1 1
1.00006 0.00126621 1.28156 -0.00103393 0.999358 0.387604 0 0 1 1
1.00003 -0.00243143 1.37442 -1.30782e-05 1.00071 -0.673615 0 0 1 1
0.953505 -0.00242587 16.833 0.000540107 0.953899 11.8249 0 0 1 1
0.955819 0.00238063 12.2109 -0.000367212 0.950973 11.5456 0 0 1 1
0.971399 0.00155648 8.29385 -0.000276413 0.975375 6.10678 0 0 1 1
0.999983 0.000935249 0.674042 -0.000310403 0.999814 -0.197357 0 0 1 1
0.976673 -0.00338711 8.39462 0.00118704 0.971803 4.93307 0 0 1 1
0.955537 -0.00120545 14.5952 0.00109425 0.954432 9.67374 0 0 1 1
0.999783 0.000786237 -0.236084 -0.0001024 1.00042 -0.824402 0 0 1 1
0.982253 0.000919048 6.66696 -0.000534431 0.981731 5.41818 0 0 1 1
0.974552 5.20398e-05 7.76962 0.000427651 0.984429 4.90186 0 0 1 1
1.00016 0.000830217 0.735321 0.000743035 0.999348 -0.218842 0 0 1 1
0.959072 0.000489856 13.9731 6.85633e-05 0.954583 9.10855 0 0 1 1
0.999904 -0.00390817 1.28226 0.000518673 0.998996 -0.275604 0 0 1 1
0.97976 -0.000210493 6.14917 0.000927746 0.979219 3.95959 0 0 1 1
0.980168 0.000124138 6.87711 -0.000169267 0.983085 4.1377 0 0 1 1
0.999747 0.00198126 0.17926 -0.000476006 0.9984 -0.432556 0 0 1 1
