1.0005 -0.000260623 -0.65765 0.000816512 0.999939 -0.00943136 8.66095e-07 -1.5733e-07 1 1
1.00052 0.000925217 -0.354039 0.000640466 1.00007 -0.0861578 9.83079e-07 -3.75526e-07 1 1
0.999513 0.000606359 0.293204 -0.000492884 0.999312 0.313019 -3.51964e-07 -1.08465e-06 1 1
0.998245 -0.00105341 0.811486 -0.00092775 0.999362 0.391818 -2.2498e-06 -2.70725e-07 1 1
1.0007 -0.000781273 0.00405535 0.000638646 0.999823 0.0157473 1.04339e-06 -2.25697e-08 1 1
1.00008 -0.00118166 -0.102861 0.000670321 0.999923 -0.158533 6.47742e-07 -9.60903e-07 1 1
1.00056 -0.0010473 -0.395721 0.00100611 1.00024 -0.156401 1.11104e-06 -4.76859e-07 1 1
1.00077 0.000985983 -0.738203 0.000449071 1.00112 -0.102681 5.99621e-07 1.08303e-06 1 1
1.00071 0.000462526 -0.460513 -0.00010363 1.00054 0.270175 7.49114e-07 4.8725e-07 1 1
1.00007 0.00169487 -0.397201 -0.000699965 0.999816 0.458625 -9.18516e-08 2.61547e-07 1 1
0.999157 0.00132748 0.23539 -0.000811213 0.999434 0.315346 -1.39765e-06 2.13463e-07 1 1
0.999946 -0.000379082 0.667066 -0.000778484 1.00045 0.0327145 -6.7509e-07 1.38397e-06 1 1
1.00024 -0.000944606 0.0138343 -0.00035792 1.00104 -0.141638 2.82279e-07 8.22497e-08 1 1
1.00053 0.000439593 -0.676558 -0.00025368 1.00069 0.248601 5.66141e-07 3.08513e-07 1 1
1.00017 0.000319375 -0.501465 0.000166514 1.00044 -0.0214275 5.20272e-07 -4.22952e-07 1 1
0.999613 0.000295322 -0.028714 -0.000139763 0.99889 0.44081 -2.04427e-07 -7.32465e-07 1 1
0.999656 0.000139625 0.0477663 -0.000298527 1.00019 0.251809 -5.55683e-07 1.15728e-09 1 1
0.999475 -0.000300828 0.279176 -8.6097e-06 0.999883 0.213636 -5.03533e-07 -5.5064e-07 1 1
0.999939 -0.00038039 0.110284 0.000526056 1.00006 -0.0263049 2.39161e-08 -1.4436e-07 1 1
0.999732 -0.000946571 0.416039 0.000157444 0.999747 0.246172 -2.9316e-07 -5.85149e-07 1 1
0.999812 -0.000248871 0.0970735 0.000169017 0.998848 0.312221 1.88639e-07 -7.87535e-07 1 1
0.999926 0.00126143 -0.158312 -0.000572274 1.00112 -0.0477413 -5.53689e-07 8.69187e-07 1 1
0.998704 9.94153e-05 0.459188 -0.000753562 0.998963 0.452715 -1.12815e-06 -1.49799e-06 1 1
0.99929 0.000103055 0.415602 -0.000481508 0.999416 0.522074 -1.09176e-06 -1.99526e-07 1 1
0.99939 -0.00167191 0.734595 0.000355629 0.999085 0.0319716 -3.96257e-07 -9.67991e-07 1 1
0.999484 -0.000565069 0.309771 0.000806422 0.999345 -0.171387 -4.32496e-07 -5.79305e-07 1 1
0.999918 -0.00218344 0.554084 0.00118919 1.00019 -0.351336 4.03838e-07 -9.84842e-07 1 1
1.00024 -0.00141483 -0.197791 0.00109042 0.99969 0.148657 1.04124e-06 -1.85654e-06 1 1
1.00039 -6.16388e-05 -0.311323 0.000624024 0.998892 0.634134 1.24798e-06 -1.58836e-06 1 1
0.999221 0.00114696 0.062916 -0.000481894 0.998148 0.71968 -1.07336e-07 -1.93379e-06 1 1
0.998778 0.000840372 0.492219 -0.00136651 0.998993 0.712598 -1.30874e-06 -1.47578e-06 1 1
0.997993 0.00149777 0.734469 -0.0012818 0.997894 0.73683 -2.56473e-06 -6.40036e-07 1 1
0.998373 0.000532174 1.31641 -0.00126175 0.999627 0.0603243 -3.33074e-06 1.721e-06 1 1
0.999336 -0.000988287 0.964716 -0.000411313 1.00065 -0.156357 -1.05367e-06 -4.5544e-08 1 1
0.999204 -0.00132665 0.594544 -0.000515675 0.999309 0.554955 -6.66059e-07 -1.41113e-06 1 1
0.999904 -0.000268064 0.0612971 0.000519368 0.999969 -0.00144545 -5.6355e-08 -1.0311e-07 1 1
0.999973 1.94474e-05 0.0133832 1.0043e-05 0.999659 0.166092 -5.45184e-08 -7.19342e-08 1 1
0.999936 0.000250908 -0.0433418 -3.80585e-05 0.999662 0.0888668 -3.76902e-08 -1.457e-07 1 1
0.999578 0.000409213 0.244435 -0.000275089 0.999593 -0.0053389 -7.1993e-07 2.54958e-07 1 1
0.999761 -1.07761e-05 0.242021 -0.000290751 1.00108 -0.266253 -9.11457e-07 1.5341e-06 1 1
1.00029 -0.00186047 0.148642 0.000491367 1.00087 -0.337323 4.13206e-07 -1.08117e-07 1 1
1.00063 0.000634163 -0.793691 0.000557803 1.00029 0.124408 9.07851e-07 5.34664e-08 1 1
1.00027 5.28359e-05 -0.258302 0.000220567 1.00023 0.0730821 4.99905e-07 -3.25805e-07 1 1
0.999976 0.000268042 -0.0747387 -0.000186767 0.999876 0.261476 -2.07819e-07 3.15654e-07 1 1
1.00013 -7.05147e-05 0.0216087 0.000298891 0.999918 -0.00153139 7.44247e-08 2.74071e-07 1 1
0.999827 -0.00117655 0.323353 0.000827393 1.00025 -0.420378 -3.17572e-07 2.94897e-07 1 1
1.00026 -0.00182996 0.247457 0.00137947 1.00032 -0.518505 2.31489e-07 4.43959e-07 1 1
1.00105 -0.000281392 -0.418921 0.0014092 1.00072 -0.443785 1.0444e-06 1.09382e-06 1 1
1.00075 -3.22736e-06 -0.270355 0.000964313 1.00044 -0.41242 8.4645e-07 5.77743e-07 1 1
0.999829 0.000943501 -0.0524983 8.0657e-05 0.999322 -0.0456581 -1.64366e-07 -1.18471e-07 1 1
0.999431 0.0004404 0.396644 -0.000728304 1.00031 -0.0353144 -8.16011e-07 -1.17634e-07 1 1
0.999946 0.000455963 0.166699 -0.000747549 1.0006 0.334619 -4.10684e-07 1.93078e-07 1 1
0.999555 0.00108536 0.137526 -0.000829519 0.999116 0.576389 -7.43288e-07 4.65193e-08 1 1
0.999379 9.83741e-05 0.541796 -0.000727548 0.999567 0.200998 -8.64727e-07 -6.79058e-08 1 1
0.999602 0.000113246 0.427471 -0.000152425 0.999552 0.0778634 -9.71293e-07 7.7171e-07 1 1
1.00009 -0.00133336 0.555055 0.000317145 0.999834 -0.17386 2.24176e-07 -1.94173e-07 1 1
1.00041 -0.00136726 -0.0131877 0.000603553 1.00041 -0.256769 5.08918e-07 2.42899e-07 1 1
1.00083 0.00029362 -0.52574 0.00083829 1.00038 -0.235944 1.16799e-06 -3.91223e-07 1 1
1.00031 0.0017269 -0.357281 -0.000283875 0.999291 0.311123 4.50751e-09 8.02599e-07 1 1
0.999931 -0.000678968 0.434416 -0.000644847 1.00061 -0.137611 2.37733e-07 -6.24909e-07 1 1
1.00043 -0.000172345 -0.269437 -0.000356462 1.00084 0.284087 3.94291e-07 3.56317e-07 1 1
1.00037 -9.61182e-05 -0.496359 0.000251802 0.99913 0.474027 8.99292e-07 -7.19639e-07 1 1
1.00013 0.000280239 -0.389369 8.89432e-05 0.999712 0.0520027 5.06554e-07 -5.62398e-07 1 1
0.99991 0.00292667 -0.247302 -0.00176038 1.00008 0.448673 -6.06326e-07 1.00197e-06 1 1
0.999285 -0.000855494 0.385202 -0.000581676 0.999876 0.0510195 -1.05941e-06 1.55988e-07 1 1
0.999804 -0.00192267 0.147621 0.000468659 0.999982 -0.195577 5.04589e-07 -1.333e-06 1 1
1.00067 -0.000708644 -0.595578 0.000848665 1.0003 -0.10504 1.53523e-06 -1.16444e-06 1 1
1.00086 0.000312074 -0.716984 0.000594097 0.999872 0.183326 1.35885e-06 1.93854e-07 1 1
1.00001 0.000115072 -0.364234 0.00025605 0.999622 0.169087 9.61133e-07 -1.8529e-06 1 1
1.00008 0.000703115 -0.32832 -0.000525024 0.999533 0.550376 5.64579e-07 -1.00709e-06 1 1
0.999895 0.00135535 -0.295512 -0.00084381 1.00021 0.41734 -2.22804e-08 -2.44367e-07 1 1
0.999596 0.00149722 -0.126124 -0.00143711 0.999607 0.763708 -3.22286e-07 -7.37484e-07 1 1
0.999772 0.00108142 0.0382379 -0.00147858 0.999662 0.762976 -6.07877e-07 2.73336e-07 1 1
0.999491 0.000888939 -0.120469 -0.00164876 0.999344 0.734973 -2.85204e-07 -8.85967e-07 1 1
1.00045 0.00125908 -0.192901 -0.0011238 1.00121 0.306968 -4.24502e-07 1.69631e-06 1 1
0.999583 0.000603109 -0.123261 -0.0011975 0.999144 0.769285 -1.97404e-07 -9.79703e-07 1 1
1.00037 0.00171478 -0.467709 -0.00126429 1.00094 0.428889 2.56141e-07 4.6726e-07 1 1
0.999626 0.00257958 -0.447326 -0.00163237 0.998738 1.00832 -5.44573e-07 -1.9154e-07 1 1
0.999433 0.00262863 0.207076 -0.00200966 0.999316 0.466227 -1.22811e-06 1.18461e-06 1 1
0.998738 0.00205754 0.382289 -0.00276061 1.0003 0.334662 -1.91132e-06 4.30203e-07 1 1
0.999156 0.00188116 0.108014 -0.00241715 0.999631 0.65058 -1.23885e-06 -5.20242e-08 1 1
0.999395 0.00165525 0.159424 -0.00215724 0.999883 0.666216 -1.0892e-06 2.63581e-07 1 1
0.999898 0.0017822 -0.0476227 -0.00199133 0.999953 0.632657 -3.49026e-07 2.0346e-07 1 1
0.999968 0.00164092 -0.220982 -0.00253636 0.999851 0.849296 -3.30945e-08 6.04071e-08 1 1
0.999422 0.00299865 -0.568475 -0.00257953 0.999968 0.658013 -7.63108e-07 1.97256e-07 1 1
0.999231 0.00261557 -0.144221 -0.00264672 1.00009 0.717461 -1.41015e-06 2.0266e-07 1 1
0.999453 0.00149993 0.1018 -0.00240926 0.9993 0.904948 -6.30193e-07 -6.12359e-08 1 1
1.00014 0.00224128 -0.321921 -0.00252031 1.00002 0.685377 6.00641e-08 5.67825e-07 1 1
1.00116 0.00358756 -1.055 -0.00308174 1.00108 0.648885 7.86907e-07 2.07244e-06 1 1
1.00041 0.00521581 -1.61637 -0.00451508 1.00045 0.856932 6.8241e-07 5.93069e-07 1 1
0.999325 0.00631884 -1.27472 -0.00507831 1.0004 1.06234 -1.55827e-06 2.66791e-06 1 1
0.999275 0.00465437 -0.513779 -0.00394944 1.00075 0.348159 -1.83258e-06 1.70153e-06 1 1
1.00015 0.00295478 -0.427831 -0.00369689 0.999849 0.663914 1.55051e-07 8.7075e-07 1 1
0.999199 0.00547838 -0.933285 -0.00446586 1.00135 0.436862 -1.59732e-06 1.22604e-06 1 1
0.999162 0.0039873 -0.349568 -0.00416523 1.00054 0.964389 -1.41489e-06 2.16554e-07 1 1
0.999007 0.00310972 0.0311738 -0.00406236 0.999041 1.44453 -1.58946e-06 2.0993e-07 1 1
1.00033 0.00306045 -0.692249 -0.00368419 1.0003 1.08379 6.03722e-08 1.03742e-06 1 1
1.00022 0.00330181 -1.12045 -0.00351576 0.999727 0.889408 3.50083e-07 2.23806e-07 1 1
1.0004 0.00342696 -1.18771 -0.00311992 1.00125 0.376549 4.45895e-07 3.44259e-07 1 1
1.00083 0.00350276 -1.31994 -0.0030374 1.00075 0.938193 8.29313e-07 8.02391e-07 1 1
1.00008 0.00463317 -1.36847 -0.00380401 0.999862 1.33629 4.0061e-07 -3.7997e-07 1 1
1.00044 0.00385392 -1.09402 -0.00434743 0.99992 1.29395 7.11242e-07 1.81915e-07 1 1
1.00049 0.00508909 -1.47904 -0.00483526 0.999814 1.50344 5.51089e-07 7.14788e-07 1 1
1.00085 0.00425755 -1.48577 -0.00448066 0.999636 0.937995 9.77868e-07 1.49443e-06 1 1
1.00128 0.00630748 -2.27312 -0.00450552 1.00247 0.421409 1.80686e-06 6.54764e-07 1 1
1.00039 0.00670493 -1.92853 -0.00563292 1.00063 1.57206 5.84965e-07 4.7213e-07 1 1
0.999396 0.00654143 -1.2501 -0.00642323 1.00084 1.95331 -2.09925e-07 -1.61122e-06 1 1
0.999488 0.00471181 -1.07546 -0.00651659 0.999308 2.92367 1.35994e-08 -2.35205e-06 1 1
0.999759 0.00392759 -1.35452 -0.00590167 0.997972 2.94833 4.40875e-07 -1.27172e-06 1 1
1.00172 0.00529196 -2.31876 -0.00455799 1.00073 1.69469 2.32618e-06 5.87665e-07 1 1
1.00083 0.00402789 -1.90127 -0.0046816 0.999869 1.39491 2.53732e-06 -1.69463e-06 1 1
1.0025 0.00326485 -2.6855 -0.00356802 1.00173 1.21689 3.71645e-06 2.12193e-07 1 1
1.00182 0.00504546 -3.25334 -0.0036275 1.00024 1.2717 3.73077e-06 -1.69007e-06 1 1
1.00157 0.00754582 -2.95865 -0.00514187 1.00058 2.08915 2.20617e-06 3.83896e-07 1 1
0.999476 0.00921553 -1.9966 -0.00604293 0.997554 2.10503 -4.51915e-07 -1.18204e-07 1 1
0.998873 0.00572101 -0.204235 -0.0066896 1.00063 1.07899 -2.39033e-06 2.2454e-06 1 1
0.999901 0.00379496 -0.579192 -0.00515524 1.0017 0.504888 -2.83011e-07 8.13857e-07 1 1
1.00068 0.00703008 -1.7512 -0.00545168 1.00151 1.63319 -3.54611e-08 1.88128e-06 1 1
0.998475 0.00561991 -0.624955 -0.00580284 0.998599 2.07325 -1.66831e-06 -9.71833e-07 1 1
0.999177 0.00467467 -0.39593 -0.00460559 1.00067 1.27616 -1.76692e-06 1.19032e-06 1 1
0.999362 0.00117062 0.0914241 -0.00361776 1.00035 1.24605 -1.68637e-07 -1.89427e-06 1 1
1.00082 0.00675771 -2.39634 -0.00615863 0.998173 3.8049 1.60167e-06 -1.33757e-06 1 1
0.999406 0.00361539 -0.643418 -0.00415393 0.998041 1.42286 -6.88541e-08 -9.52955e-07 1 1
0.999983 0.00423166 -0.945501 -0.00429106 1.00098 0.923593 -7.05965e-08 2.02418e-08 1 1
1.0009 0.00454575 -1.33726 -0.00450859 1.00083 1.51708 6.65628e-07 9.91749e-07 1 1
1.00006 0.00614719 -1.4511 -0.00551605 0.998545 2.01536 1.5413e-08 3.75609e-07 1 1
0.998832 0.0052441 -0.96004 -0.00608753 1.00117 1.4669 -7.45192e-07 -2.31872e-06 1 1
0.999266 0.00734839 -1.23487 -0.00593063 0.998329 2.83636 -1.08907e-06 -1.08319e-07 1 1
0.999101 0.00666704 -0.396241 -0.00728709 0.997795 2.75147 -1.96204e-06 1.62118e-06 1 1
1.00012 0.00627728 -1.19326 -0.00688089 1.00036 0.918801 -5.07643e-07 2.53124e-06 1 1
0.999957 0.0083046 -1.68473 -0.00706429 1.00205 0.900761 -1.25645e-06 3.27392e-06 1 1
1.00017 0.00693569 -1.31249 -0.00683094 1.00212 1.03586 -7.72154e-07 2.49872e-06 1 1
0.999708 0.00740392 -1.54717 -0.00691329 1.00076 1.89344 -8.49512e-07 1.06492e-06 1 1
0.999009 0.00790621 -1.18349 -0.00730381 1.00056 2.09188 -2.07781e-06 1.08653e-06 1 1
0.999615 0.0070216 -0.916112 -0.00701364 0.998303 2.45904 -1.75972e-06 2.84513e-06 1 1
0.998375 0.00786357 -0.813716 -0.00697251 1.00133 0.708575 -2.69324e-06 1.22032e-06 1 1
0.997757 0.00628501 -0.0162212 -0.00702657 0.99993 1.811 -4.0291e-06 1.81685e-06 1 1
0.998389 0.0030744 0.351594 -0.00513032 0.999806 1.36034 -2.97403e-06 1.4674e-06 1 1
0.999464 0.00478574 -0.716476 -0.00426896 1.00221 0.657655 -1.67924e-06 1.85728e-06 1 1
0.999433 0.00169827 -0.0458925 -0.00340063 1.00001 1.34468 -8.1531e-07 -1.56141e-08 1 1
1.00047 0.00206134 -0.799654 -0.00268119 0.999603 1.23375 1.58907e-06 -2.17974e-06 1 1
1.00039 0.005165 -1.42354 -0.00379301 0.99898 1.85988 3.84635e-07 2.69115e-07 1 1
0.998824 0.00502144 -0.614635 -0.00515667 0.999256 1.43804 -1.51542e-06 -1.24581e-08 1 1
1.00063 0.0036317 -0.819007 -0.00455291 1.00114 1.17652 5.50533e-07 7.66639e-07 1 1
1.00083 0.00519776 -1.6801 -0.00570497 1.0002 1.9749 1.27017e-06 1.46474e-07 1 1
1.00195 0.00625642 -2.54303 -0.00533326 1.00016 1.67884 2.17139e-06 2.13169e-06 1 1
1.0005 0.00797232 -2.50473 -0.00627047 1.00022 1.26536 9.37526e-07 2.28019e-07 1 1
1.00059 0.00726035 -1.87074 -0.00636641 1.0021 1.30527 1.1883e-07 2.00751e-06 1 1
1.0001 0.00654118 -1.59091 -0.00644468 0.999493 1.62647 4.80475e-07 -5.49122e-07 1 1
1.00015 0.00724049 -1.81655 -0.00682212 1.00163 2.0073 5.09405e-07 -5.08013e-07 1 1
0.999831 0.00809021 -1.7057 -0.00709327 0.999344 2.76726 -6.6904e-07 9.27474e-07 1 1
0.99983 0.00959899 -1.44899 -0.00822645 0.997529 2.68581 -1.36994e-06 3.1154e-06 1 1
0.998548 0.0105927 -1.18012 -0.00946755 1.00065 1.33688 -3.25779e-06 3.31275e-06 1 1
1.00013 0.00870458 -1.12958 -0.00880909 1.00161 0.938987 -2.04008e-06 5.76977e-06 1 1
0.998987 0.00952168 -1.43382 -0.00833586 1.0023 0.436836 -3.04224e-06 5.04914e-06 1 1
1.00026 0.00912446 -1.43583 -0.00734613 1.00282 0.49219 -1.49432e-06 4.69858e-06 1 1
1.00019 0.00749757 -1.11774 -0.00821719 1.00131 1.40355 -9.48659e-07 2.88002e-06 1 1
1.00121 0.00732638 -1.987 -0.00827313 1.00226 1.79077 6.99864e-07 2.92556e-06 1 1
1.0027 0.009957 -3.71892 -0.00851284 1.00227 2.144 3.36533e-06 1.68176e-06 1 1
1.00039 0.0127341 -3.66925 -0.00999707 0.999433 2.96319 3.91966e-07 1.57072e-06 1 1
0.999422 0.0121397 -2.34333 -0.0102657 0.999679 2.32813 -1.44342e-06 2.1253e-06 1 1
0.998076 0.00970748 -1.20059 -0.0104992 1.00073 1.8025 -3.61045e-06 3.15492e-06 1 1
1.00151 0.0093415 -2.28551 -0.00876277 1.00334 1.4472 6.28687e-07 3.81377e-06 1 1
1.00068 0.00869894 -2.40751 -0.00865589 1.001 2.15044 2.24973e-08 2.95961e-06 1 1
1.00102 0.00830075 -2.56286 -0.00734881 1.0005 1.37524 8.11557e-07 2.24115e-06 1 1
0.999437 0.0079229 -2.01469 -0.0067717 1.00241 0.747624 -1.17567e-06 2.17441e-06 1 1
1.00039 0.00471277 -1.35972 -0.00500851 1.00071 1.0286 3.91642e-07 4.241e-07 1 1
1.00122 0.00461907 -1.84642 -0.00427229 1.0026 0.818911 1.35558e-06 1.69557e-06 1 1
0.999988 0.00291548 -1.3798 -0.00390873 1.00145 1.43855 9.63872e-07 -2.55209e-06 1 1
1.00083 0.0023975 -1.71996 -0.00324602 0.999362 2.51212 2.31144e-06 -2.98244e-06 1 1
1.00154 0.00339495 -2.22795 -0.00316033 0.998306 2.47423 2.67754e-06 -1.09298e-06 1 1
1.00019 0.00654001 -2.21722 -0.00423364 0.997708 1.81818 1.35572e-06 -2.05936e-06 1 1
0.999153 0.0042718 -0.724241 -0.0051944 1.00073 1.37794 -9.88356e-07 2.37065e-07 1 1
1.00347 0.00425911 -2.23593 -0.00413324 1.00204 1.52614 4.71512e-06 -6.10431e-07 1 1
1.0017 0.00777638 -2.69199 -0.00648078 0.999453 2.8383 2.80634e-06 -1.2226e-06 1 1
0.999969 0.00892797 -2.31604 -0.00898757 0.998783 3.33825 4.82057e-07 -1.29622e-06 1 1
1.00093 0.00899602 -2.59957 -0.00818637 1.0018 2.56684 8.64238e-07 1.54697e-06 1 1
0.998817 0.00812903 -1.70978 -0.00780493 0.998239 2.71257 -1.92914e-06 1.69869e-06 1 1
1.00003 0.0079538 -1.78106 -0.00665905 1.00165 1.22359 -2.38044e-07 7.90365e-07 1 1
0.998854 0.00472319 -0.710434 -0.00673474 1.00048 2.02306 -1.65025e-06 6.27422e-07 1 1
1.00172 0.00543461 -2.14854 -0.00525566 1.00226 1.80955 1.95212e-06 8.23914e-07 1 1
0.999627 0.00572222 -1.85894 -0.00511581 0.998336 2.38926 1.77033e-07 -1.40159e-06 1 1
1.00108 0.00538748 -1.85156 -0.00502308 1.00037 1.86076 1.57913e-06 -4.42228e-07 1 1
0.998393 0.00636206 -1.06341 -0.00533623 0.998591 2.07946 -1.93892e-06 -5.82866e-07 1 1
0.997542 0.00333079 0.386706 -0.00456311 0.998588 1.39976 -3.34276e-06 -4.92903e-07 1 1
0.99905 0.0029901 0.0254913 -0.00391453 1.00113 1.25908 -1.81491e-06 8.83005e-07 1 1
0.99927 0.00230836 -0.319666 -0.00395641 0.998125 1.91911 -3.36957e-07 -1.7599e-06 1 1
1.0001 0.00321427 -1.00727 -0.00327948 1.00038 1.21987 1.97858e-07 -1.18713e-08 1 1
0.999897 0.0035397 -1.01313 -0.00314679 0.999359 1.27555 -1.71847e-07 2.24399e-07 1 1
0.998956 0.00244849 -0.347919 -0.00266083 0.999315 0.672861 -1.02856e-06 -8.96023e-07 1 1
0.999414 0.00232968 -0.215446 -0.00228342 1.00019 0.667311 -1.18694e-06 1.01022e-06 1 1
0.99954 -0.000284129 -0.098662 -0.00120293 0.999759 0.266109 -4.90593e-07 -6.67777e-08 1 1
1.00078 0.00198287 -0.839728 -0.000111851 1.00062 -0.229081 8.63455e-07 1.17405e-06 1 1
0.999281 0.00044133 0.148725 -0.00103901 1.00043 0.0721441 -8.12382e-07 -5.66371e-07 1 1
1.00014 -5.18835e-05 -0.0376473 -0.000147935 0.99992 0.338473 1.40539e-07 5.31292e-08 1 1
0.998393 0.00014261 0.375331 -0.000433172 0.998321 0.282151 -1.58739e-06 -1.91726e-06 1 1
0.999124 -0.00219296 0.98477 0.0006696 1.00025 -0.298341 -7.75151e-07 -1.23032e-06 1 1
0.999912 -0.00105161 0.250007 0.00127508 1.00032 0.031463 -3.68151e-07 6.71757e-07 1 1
0.999911 -0.00227112 0.491246 0.00172361 1.00011 -0.230495 3.34395e-07 -1.27297e-06 1 1
0.997876 -0.00295591 1.1141 0.0016688 0.996985 0.192745 -1.83545e-06 -1.95037e-06 1 1
1.00071 -0.00230172 0.496706 0.00287141 1.00119 -0.997282 5.05578e-07 9.85687e-07 1 1
1.00023 -0.00356953 0.8536 0.00230549 1.00027 -0.741475 3.57901e-07 -4.34339e-07 1 1
1.00071 -0.00219906 0.0333085 0.0023118 0.999573 -0.33762 1.48703e-06 -1.09177e-06 1 1
1.00071 -0.00102563 -0.274971 0.00175345 0.999747 -0.305476 1.40594e-06 -1.10735e-06 1 1
1.00045 -0.0015374 0.0813942 0.00125569 1.00009 -0.221668 8.91439e-07 -6.60228e-07 1 1
1.00135 7.63817e-05 -0.527795 0.0010601 1.00063 -0.15016 1.49955e-06 8.78573e-07 1 1
0.999974 0.000670957 -0.249048 -0.000296628 0.999271 0.207364 1.76711e-07 -1.92692e-07 1 1
0.999744 0.000388872 -0.0607436 -0.000246448 1.00024 -0.0506792 -5.56511e-07 8.28019e-07 1 1
1.00007 -0.000801459 0.0737043 0.000437564 1.00092 -0.306941 2.52026e-07 -6.25937e-07 1 1
1.00035 -0.000935536 -0.0242341 0.000119647 0.999748 0.320733 1.04183e-06 -1.34393e-06 1 1
1.00133 -0.00027628 -0.92822 0.000233669 1.00043 0.434935 1.74846e-06 -4.56611e-07 1 1
1.00224 0.000966405 -1.27752 0.000446317 1.00048 0.287645 3.24931e-06 3.56496e-07 1 1
0.999494 0.000875426 -0.354527 -0.000376112 0.999432 0.158001 1.8557e-08 -9.31446e-07 1 1
0.999754 -0.000133783 0.0911562 -0.000139652 0.999074 0.0812725 -1.23762e-07 -3.26466e-07 1 1
0.999471 0.000629688 0.0445266 7.91598e-05 1.00072 -0.33414 -1.2274e-06 9.87645e-07 1 1
0.999554 -0.000552947 0.57192 0.000908718 0.999505 -0.411839 -6.01891e-07 -1.18893e-07 1 1
0.999868 0.000225916 0.43884 0.000156639 1.00053 -0.256716 -5.96344e-07 7.72423e-07 1 1
0.999186 0.000125704 0.560793 3.35906e-05 0.998854 -0.0602602 -1.25878e-06 5.56469e-07 1 1
0.999463 -0.000390753 0.671917 -0.000191408 1.00051 -0.457487 -1.05119e-06 7.56023e-07 1 1
1.00041 0.000386028 0.108309 0.000116999 1.00126 -0.366961 7.87286e-08 9.73626e-07 1 1
0.99872 0.000289095 0.482504 -0.000356873 0.9987 0.255506 -1.70585e-06 -2.29672e-07 1 1
0.998567 -0.000313604 0.986239 -0.000111237 0.999464 -0.266428 -1.6157e-06 -9.08651e-07 1 1
0.998539 -0.000921121 1.07627 9.64889e-05 0.999187 -0.0861415 -2.35929e-06 3.49403e-08 1 1
0.999044 -0.00205157 1.08197 0.0014037 0.999931 -0.649036 -1.54003e-06 1.58262e-07 1 1
0.998918 -0.00255144 1.10544 0.00158616 1.00039 -0.443203 -1.39705e-06 1.93777e-07 1 1
1.00062 -0.0037672 0.465422 0.00257815 1.00004 -0.443316 1.23052e-06 -9.83518e-07 1 1
1.00124 -0.00254383 -0.286767 0.00270435 1.00053 -0.454285 2.1062e-06 -8.79128e-07 1 1
1.0005 -0.0015845 -0.241032 0.00220429 0.999065 -0.124858 1.10899e-06 -4.10655e-07 1 1
0.999435 -0.00175878 0.361378 0.00218658 0.998985 -0.696627 -4.10104e-07 -1.10138e-06 1 1
0.999181 -0.00338158 1.12859 0.00222562 1.00012 -0.828345 -5.84591e-07 -1.3119e-06 1 1
1.00009 -0.00488624 0.794921 0.00311491 0.999817 -0.598239 6.47199e-07 -1.49476e-06 1 1
1.00102 -0.00266216 -0.185212 0.00328758 1.00013 -0.49352 1.52558e-06 -1.22706e-07 1 1
0.999309 -0.00425824 0.51197 0.00333311 0.998543 -0.738213 4.97527e-07 -2.48204e-06 1 1
1.00088 -0.00490116 0.39418 0.00480334 1.00165 -1.58445 1.37794e-06 -3.28818e-07 1 1
1.00238 -0.007813 0.12185 0.00679223 1.00141 -1.80417 3.94295e-06 -9.34971e-07 1 1
1.00266 -0.00456928 -0.87679 0.0060783 1.00031 -1.01347 4.33885e-06 -9.83862e-07 1 1
1.0019 -0.00314757 -0.684287 0.0057607 0.999025 -1.21912 2.90569e-06 -6.30822e-07 1 1
0.999365 -0.00242274 0.750542 0.0032263 0.998868 -1.08492 -1.77218e-07 -1.88599e-06 1 1
0.99948 -0.00464625 1.41084 0.0035228 1.00037 -1.29209 -9.20981e-07 5.93446e-07 1 1
1.00015 -0.00411459 0.802308 0.00374732 0.999681 -1.0404 6.91724e-07 -1.20677e-06 1 1
1.00123 -0.00219306 0.166404 0.00325102 1.00055 -0.931409 1.51288e-06 4.70612e-07 1 1
0.999758 -0.00220016 0.690738 0.00213648 0.998822 -0.547194 -1.44536e-07 -7.56731e-07 1 1
0.999046 -0.00196711 0.929109 0.0015852 0.999939 -0.739634 -9.90683e-07 -1.19357e-06 1 1
0.999913 -0.00251451 0.860602 0.00201705 1.0006 -0.476017 -5.35633e-07 7.78654e-07 1 1
1.00112 -0.0018226 0.237159 0.00234951 1.00007 -0.512835 1.73671e-06 -2.47661e-07 1 1
0.998487 -0.0020382 1.18933 0.00162147 0.998338 -0.493099 -1.46313e-06 -1.98382e-06 1 1
0.999942 -0.00169318 0.895198 0.00185082 1.00032 -0.474611 -7.94847e-07 1.69778e-06 1 1
0.999731 -0.00323823 1.06975 0.00238541 1.00004 -1.12135 -5.523e-07 4.3491e-07 1 1
0.999149 -0.00168032 0.835837 0.00191613 0.998594 -0.560537 -1.35009e-06 1.36923e-07 1 1
1.00159 -0.00284197 0.379124 0.00293942 1.00277 -1.64573 1.61671e-06 1.13439e-06 1 1
0.999739 -0.00237154 0.643252 0.00247671 0.999596 -0.726596 -1.31455e-07 -3.27047e-07 1 1
0.99996 -0.000569783 0.540071 0.00242426 0.999913 -0.705582 -7.40964e-07 1.45402e-06 1 1
0.998134 -0.00333925 1.7806 0.00230714 0.999177 -1.08276 -2.60401e-06 -8.41009e-08 1 1
0.998536 -0.00436237 1.84358 0.00340736 1.00033 -1.42971 -2.10847e-06 6.44931e-08 1 1
1.00017 -0.00447736 1.2293 0.00375534 1.00028 -1.06707 4.12793e-08 4.41152e-07 1 1
1.00125 -0.00388197 0.380141 0.00378354 1.00013 -1.01236 1.84714e-06 -2.63451e-07 1 1
1.00166 -0.00232159 -0.156331 0.00342064 1.0006 -1.10259 2.41159e-06 3.06396e-08 1 1
0.999763 -0.00190895 0.386782 0.00252025 0.999376 -0.915821 -3.09269e-07 -2.13152e-07 1 1
0.999551 -0.0029507 0.948552 0.00294997 1.00013 -1.32617 -8.86633e-07 8.52703e-07 1 1
0.999617 -0.00297567 1.10934 0.00365858 1.00048 -1.55351 -9.23501e-07 9.15842e-07 1 1
0.998962 -0.00544856 1.81228 0.00391045 0.999285 -1.44498 -1.31086e-06 6.57307e-08 1 1
1.00011 -0.00522464 1.25187 0.00529654 1.00035 -2.14204 -2.09341e-08 7.38146e-07 1 1
0.999753 -0.00461707 1.34792 0.00511193 1.00027 -1.98294 -8.10541e-07 1.3227e-06 1 1
1.00096 -0.00503327 1.04795 0.00518515 1.00123 -2.17045 9.38036e-07 8.87095e-07 1 1
1.00064 -0.0039524 0.711764 0.0045657 0.999367 -1.58708 1.01885e-06 -1.45615e-07 1 1
1.00081 -0.00280601 0.700898 0.00388739 1.00176 -1.96408 2.00423e-07 2.20185e-06 1 1
1.00016 -0.00351692 1.0585 0.00416545 1.00022 -1.70494 -2.62714e-07 1.45482e-06 1 1
0.999821 -0.00412067 1.28998 0.00405384 1.00033 -1.88967 -4.82721e-07 7.60977e-07 1 1
0.999191 -0.00471824 1.5514 0.00442177 1.00012 -1.95065 -1.24254e-06 2.78731e-07 1 1
0.999247 -0.00591566 1.8019 0.00490395 1.0001 -1.96878 -1.04178e-06 6.58635e-07 1 1
1.00113 -0.00544438 0.900829 0.00556288 1.00074 -2.18069 9.00039e-07 2.03268e-06 1 1
1.00044 -0.00578814 0.829379 0.00584491 1.00077 -2.50324 6.05223e-07 7.42696e-07 1 1
1.00178 -0.00690835 0.623966 0.00683413 1.00128 -2.82249 2.31588e-06 1.25577e-06 1 1
1.00133 -0.00437667 0.116678 0.00678335 1.00091 -2.6602 1.708e-06 9.49143e-07 1 1
1.00009 -0.00571064 1.02814 0.00590095 1.00098 -2.49496 1.32618e-07 6.18983e-07 1 1
1.0014 -0.00656169 0.772393 0.00655134 1.00112 -2.34121 1.74691e-06 1.01301e-06 1 1
1.00195 -0.00545056 0.193876 0.00667235 1.00157 -2.39686 2.76169e-06 5.37516e-07 1 1
1.00062 -0.00523679 0.554246 0.00572191 0.999725 -1.76243 1.56455e-06 -1.17791e-06 1 1
1.00045 -0.00483108 0.626161 0.0053459 0.999834 -1.66365 1.23881e-06 -1.44935e-06 1 1
1.00138 -0.00351682 0.385217 0.00446666 0.999954 -1.078 1.7206e-06 3.52754e-07 1 1
1.00094 -0.00416041 0.557589 0.00422587 0.999912 -1.58042 1.12365e-06 9.02523e-07 1 1
1.00076 -0.00421483 0.415159 0.00442857 0.999986 -2.11469 1.43765e-06 2.9324e-07 1 1
1.00154 -0.00349873 0.0336714 0.00438165 1.00265 -2.39739 1.40353e-06 1.98843e-06 1 1
1.00119 -0.004147 0.0107606 0.0045254 1.0005 -1.64314 1.55679e-06 8.31445e-07 1 1
1.00097 -0.00404486 0.178015 0.00512828 0.999959 -2.08991 1.60624e-06 4.74909e-07 1 1
1.0008 -0.00426625 0.557716 0.0055196 1.00117 -2.59472 6.76338e-07 1.69534e-06 1 1
1.00191 -0.00432576 0.603054 0.00534549 1.00212 -2.42162 2.42031e-06 -4.96784e-08 1 1
1.00048 -0.0039788 0.753192 0.00420525 1.00001 -1.17077 5.718e-07 6.05426e-07 1 1
1.00051 -0.00439258 0.753209 0.00451185 0.999832 -1.63789 1.24907e-06 -5.65026e-07 1 1
1.00082 -0.00479046 0.691444 0.00468642 1.0012 -1.81021 9.16345e-07 8.29181e-07 1 1
1.00094 -0.0044896 0.369966 0.00500626 1.00009 -1.63421 1.40404e-06 5.17226e-07 1 1
1.00095 -0.00598485 0.609075 0.00575395 1.00048 -2.30242 1.92423e-06 -1.38092e-07 1 1
1.00208 -0.00554787 0.115813 0.00603287 1.00198 -2.37386 3.55105e-06 -5.02342e-07 1 1
1.00309 -0.00553054 -0.449718 0.00604946 1.00222 -1.83184 4.40174e-06 4.44802e-07 1 1
1.00239 -0.00395337 -0.888256 0.00611388 1.00051 -1.72056 3.82844e-06 -1.04904e-07 1 1
1.00022 -0.00385651 0.137801 0.00533679 0.999599 -1.74937 1.24087e-06 -8.3769e-07 1 1
1.00022 -0.00442658 0.734891 0.00529113 1.00061 -1.96068 3.48876e-07 1.18958e-07 1 1
1.00014 -0.00590108 1.35265 0.00561248 1.00048 -1.82157 3.45838e-07 -1.81619e-07 1 1
1.00073 -0.00631234 0.976759 0.00636347 0.999882 -1.83601 7.81218e-07 9.22402e-07 1 1
1.00035 -0.00641958 1.21161 0.00718824 0.999009 -2.66658 1.10403e-06 -5.83267e-07 1 1
1.00131 -0.00571121 1.09628 0.00701272 1.00199 -3.06236 1.14811e-06 2.58311e-06 1 1
1.00077 -0.00705317 1.28992 0.007114 1.00092 -2.92124 1.27421e-06 1.87292e-07 1 1
1.00091 -0.00826526 1.27356 0.00778646 1.00085 -2.8449 1.30597e-06 5.2197e-07 1 1
1.00156 -0.0085915 0.898712 0.00911663 1.00123 -3.20011 2.18063e-06 9.56025e-07 1 1
1.00167 -0.00819667 0.847631 0.0095229 1.00117 -3.1814 2.62789e-06 -2.07099e-07 1 1
1.00167 -0.00722863 0.872203 0.0081637 1.00019 -2.4183 2.7031e-06 -2.99551e-07 1 1
1.0008 -0.00688091 0.992985 0.00683748 1.00059 -2.10942 1.62941e-06 -8.75223e-07 1 1
1.00078 -0.00502934 0.692678 0.00659143 0.999341 -1.62899 1.18545e-06 -2.15579e-07 1 1
0.999803 -0.00654414 1.55128 0.0060264 0.999348 -1.97602 4.76226e-07 -1.47649e-06 1 1
1.00079 -0.00616258 0.991367 0.00578434 1.00156 -1.7448 1.1787e-06 -4.66927e-07 1 1
0.999401 -0.00500965 0.996435 0.00529061 0.998254 -0.916681 7.71704e-09 -1.87737e-06 1 1
0.998078 -0.00568244 1.86892 0.00555424 0.998475 -1.46948 -2.25989e-06 -4.24332e-07 1 1
1.0002 -0.00826818 1.93068 0.00672837 1.00112 -2.38951 4.18647e-07 -4.91672e-07 1 1
1.00241 -0.00787775 0.688194 0.00727389 1.00102 -1.97249 2.92844e-06 1.60724e-06 1 1
1.00366 -0.00613893 -0.720381 0.00739137 1.00158 -2.55371 4.93144e-06 1.72936e-06 1 1
1.00269 -0.0035997 -1.00178 0.00638322 1.00149 -2.5044 3.14262e-06 2.47666e-06 1 1
1.00153 -0.00373278 -0.233407 0.00607217 1.00116 -2.87639 2.01368e-06 1.02082e-06 1 1
0.999918 -0.0045811 0.816345 0.00508086 1.00096 -2.40785 -2.45782e-07 4.444e-07 1 1
1.0004 -0.00762421 1.2942 0.00694552 1.00128 -2.5029 3.25769e-07 1.24873e-07 1 1
1.00017 -0.00780711 1.13192 0.0070547 0.999241 -1.92942 9.95825e-07 -1.42172e-06 1 1
1.00046 -0.00854428 0.906399 0.00756975 1.00003 -2.28892 1.35809e-06 -1.47521e-06 1 1
1.00142 -0.00622608 0.235043 0.00859057 1.00071 -2.54302 2.46963e-06 -8.59569e-07 1 1
0.998584 -0.00765191 1.839 0.00827172 0.996579 -2.1201 -1.58294e-06 -9.77437e-07 1 1
0.998902 -0.0083581 2.64421 0.00942413 0.999703 -3.92016 -2.08751e-06 1.15355e-06 1 1
0.999423 -0.011316 3.45462 0.0098058 1.00141 -4.07023 -9.93061e-07 3.35322e-07 1 1
0.999447 -0.0145553 2.95377 0.010709 1.00208 -3.52472 -1.15199e-07 -2.03149e-06 1 1
1.00118 -0.012609 1.20439 0.012734 0.999425 -2.25915 3.80992e-06 -5.09388e-06 1 1
1.00068 -0.0140574 1.82591 0.0125756 0.998709 -1.99657 3.34531e-06 -5.17703e-06 1 1
1.00056 -0.0124332 1.38109 0.0128922 0.997678 -1.91683 3.02757e-06 -5.13864e-06 1 1
0.999602 -0.0121572 2.33004 0.0128818 0.998332 -2.40477 1.30482e-06 -4.50523e-06 1 1
0.998255 -0.0148183 3.66429 0.0139634 0.99695 -2.96718 -3.29447e-07 -4.36607e-06 1 1
0.998915 -0.0169067 4.47893 0.0164221 0.99894 -3.95927 -1.78876e-06 1.60442e-07 1 1
0.99829 -0.0172464 4.88573 0.0186331 0.998338 -5.43924 -2.57659e-06 8.05242e-07 1 1
0.999217 -0.0211277 6.16833 0.0197919 0.999873 -6.42395 -7.93432e-07 -3.09341e-07 1 1
1.00058 -0.0192749 4.60746 0.0175041 1.00131 -5.23697 1.30212e-06 -7.85728e-07 1 1
1.00139 -0.0207648 3.47301 0.0174717 1.00015 -4.36423 3.17321e-06 -1.90351e-06 1 1
1.00246 -0.0186248 1.77525 0.0192869 1.00013 -4.96383 5.07203e-06 -2.35862e-06 1 1
1.00304 -0.0165401 1.7095 0.0193869 0.998767 -5.08429 5.26475e-06 -6.54285e-07 1 1
0.999608 -0.0128357 2.91999 0.0182209 0.997816 -6.07768 -1.09538e-06 2.948e-06 1 1
0.999562 -0.0154496 5.21593 0.0175407 0.999919 -7.58772 -2.07997e-06 4.61772e-06 1 1
0.999983 -0.0158734 5.05813 0.016128 1.00397 -7.55056 -1.75634e-06 4.5669e-06 1 1
1.00081 -0.0153551 4.24757 0.0153722 1.00189 -5.6426 6.46237e-07 1.37694e-06 1 1
0.999959 -0.0150853 3.75236 0.0143949 1.00004 -4.91705 -4.78077e-07 1.72407e-06 1 1
1.00091 -0.016564 3.24202 0.0154235 1.0016 -5.72066 1.74915e-06 4.08527e-08 1 1
1.00291 -0.0179393 2.46382 0.0164573 1.00336 -5.28567 4.86017e-06 -9.29452e-07 1 1
1.00248 -0.016887 1.10163 0.0172152 0.999861 -4.10652 6.30673e-06 -5.79059e-06 1 1
1.00177 -0.0149172 1.59568 0.0171618 0.997555 -3.76127 4.32846e-06 -3.11243e-06 1 1
1.00134 -0.0156517 2.56721 0.016737 0.998791 -4.79263 2.93266e-06 -1.18763e-06 1 1
1.00084 -0.0163654 3.07571 0.0167406 1.00063 -5.80804 1.36437e-06 1.07961e-06 1 1
1.00122 -0.0170819 2.97708 0.0180533 1.00002 -6.33839 1.75096e-06 1.65518e-06 1 1
1.00262 -0.0176264 2.90141 0.0189843 1.00084 -7.23713 3.13516e-06 3.88115e-06 1 1
1.00384 -0.0195625 2.56331 0.0207004 1.00295 -8.71717 4.02533e-06 6.23705e-06 1 1
1.00491 -0.0203216 1.8234 0.0221505 1.00767 -10.0388 6.43406e-06 4.07368e-06 1 1
1.00381 -0.0213321 1.78533 0.0240176 1.00243 -8.40689 6.3157e-06 1.29379e-07 1 1
1.00431 -0.0196988 2.283 0.0245338 1.00161 -8.20385 5.47569e-06 4.01495e-06 1 1
1.00191 -0.0226144 3.98372 0.0250028 1.00188 -9.78972 1.58962e-06 4.97656e-06 1 1
1.00238 -0.0253781 4.41004 0.0267189 1.00456 -10.719 3.43136e-06 1.92621e-06 1 1
1.00363 -0.0228319 4.04795 0.0266929 1.0014 -9.16078 2.84192e-06 8.16289e-06 1 1
1.00251 -0.0265339 4.62798 0.0277381 1.00126 -11.4 2.31249e-06 6.2005e-06 1 1
1.00509 -0.0249657 3.63911 0.0293236 1.00439 -12.6773 6.88783e-06 5.8503e-06 1 1
1.00501 -0.0194886 2.85617 0.0255659 1.00715 -11.6874 5.83362e-06 4.99214e-06 1 1
1.00242 -0.0182586 3.57467 0.0206857 1.00465 -8.47913 8.64495e-07 6.25576e-06 1 1
1.0028 -0.0200778 3.72326 0.0204213 1.00241 -7.66608 2.39806e-06 4.92686e-06 1 1
1.00433 -0.0154222 1.25065 0.0181642 1.00372 -7.16802 4.7884e-06 3.81935e-06 1 1
1.00341 -0.0136315 1.52744 0.0162393 1.00432 -6.85199 3.02979e-06 4.60106e-06 1 1
1.00324 -0.0138463 0.994808 0.0144331 1.00236 -5.52514 5.31587e-06 -1.28379e-06 1 1
1.00268 -0.0108735 0.793438 0.012912 1.0007 -4.59411 2.82791e-06 2.47725e-06 1 1
1.00286 -0.0114709 1.16447 0.0131553 1.00091 -5.24756 2.63677e-06 4.49353e-06 1 1
1.00295 -0.0121279 0.7653 0.0130895 1.00273 -6.35014 5.15474e-06 -1.25648e-06 1 1
1.00471 -0.00790306 -0.217716 0.0109978 1.00593 -4.64026 5.47819e-06 3.61769e-06 1 1
1.00211 -0.00498274 -0.118781 0.00846927 1.00243 -2.69443 3.13432e-06 -9.56968e-08 1 1
0.999918 -0.00615376 1.45586 0.00681637 0.99874 -1.51126 3.40722e-08 -4.05622e-07 1 1
0.999346 -0.00602457 1.67307 0.00682768 0.999837 -1.95362 1.19302e-07 -2.65872e-06 1 1
0.998529 -0.00581776 2.59765 0.00588785 0.998298 -1.04661 -2.76736e-06 1.21454e-06 1 1
0.998248 -0.00626733 2.74923 0.0061917 0.99753 -1.7031 -2.27913e-06 -4.2682e-07 1 1
0.998777 -0.00650494 2.74875 0.00546881 1.00017 -2.0852 -1.68408e-06 1.3841e-07 1 1
0.99986 -0.008764 2.14417 0.00562411 0.998526 -1.74236 6.18655e-07 -1.30927e-06 1 1
1.00303 -0.00669477 -0.166825 0.00654562 1.00369 -2.44116 4.40716e-06 4.65937e-07 1 1
1.00253 -0.00572731 -0.836059 0.00670303 0.999872 -1.44586 4.70497e-06 -1.96615e-06 1 1
1.0039 -0.00637092 -0.907347 0.00655374 1.00179 -1.71433 6.38133e-06 -7.6005e-07 1 1
1.00409 -0.00344266 -1.94139 0.00579054 1.00137 -1.46491 6.02846e-06 5.88746e-07 1 1
1.00353 -0.00214623 -1.61084 0.0051496 1.00152 -1.7719 5.28764e-06 7.3052e-07 1 1
1.00318 -0.00279664 -1.28365 0.00338547 1.00258 -1.49703 4.94656e-06 -6.65234e-08 1 1
1.0025 -0.00147172 -1.59488 0.00285991 1.00138 -0.889084 3.78867e-06 -1.07023e-07 1 1
1.00209 -0.00119226 -1.38539 0.00262777 1.00097 -0.704747 2.75208e-06 4.11016e-07 1 1
1.00316 -0.0024542 -1.30461 0.00255037 1.0012 -0.80518 4.77789e-06 5.19609e-07 1 1
1.00275 0.002337 -2.28048 0.00116486 1.0017 -0.857779 3.0581e-06 2.28938e-06 1 1
1.00218 -0.00146061 -1.10907 0.000872921 1.00195 -0.932594 2.9209e-06 1.07279e-06 1 1
1.00232 0.00124692 -1.92191 0.00102265 1.00206 -0.830526 2.88599e-06 1.40941e-06 1 1
1.00248 0.00109066 -1.44535 0.000446287 1.00113 -0.425429 2.90301e-06 1.68863e-06 1 1
1.00032 0.00318304 -1.07491 -0.00125926 1.00265 -0.345282 1.36311e-07 1.59315e-08 1 1
0.998184 0.00348291 0.0565622 -0.00185102 0.998648 1.22021 -3.46357e-06 6.79098e-07 1 1
0.995681 0.00148257 2.33491 -0.00128709 0.996929 0.74529 -7.01339e-06 5.41561e-07 1 1
0.996123 -0.0024773 3.22316 -0.000527515 0.998913 0.15975 -6.12234e-06 -4.92683e-08 1 1
0.996737 -0.00421354 2.74934 0.00129433 0.99755 0.225646 -4.7426e-06 -8.90609e-07 1 1
0.999506 -0.00680735 1.99283 0.00346164 0.999443 -0.682466 -6.72822e-08 -1.28956e-06 1 1
1.00162 -0.00421781 -0.14319 0.00416695 0.999902 -0.757647 2.98399e-06 -6.65072e-07 1 1
1.00248 -0.00321231 -0.624063 0.00381938 1.00027 -1.08814 4.5931e-06 -1.06488e-06 1 1
1.00178 -0.0013031 -1.34601 0.00134709 1.00032 -0.744526 4.31641e-06 -2.17976e-06 1 1
1.0031 0.00288821 -2.4444 -1.9111e-05 1.00124 -0.308432 5.11312e-06 -2.61309e-07 1 1
1.00224 0.00361599 -1.96713 -0.00226562 1.0015 0.22179 3.24404e-06 1.37226e-06 1 1
1.00156 0.00518009 -2.013 -0.00320128 1.0012 0.265789 2.54012e-06 5.37281e-07 1 1
1.00085 0.00647015 -1.63007 -0.0043494 1.00091 0.741761 1.35156e-07 3.40361e-06 1 1
1.00013 0.00550109 -0.955455 -0.00464088 1.00091 0.422221 -8.10105e-07 3.08693e-06 1 1
0.999894 0.00661757 -1.07425 -0.00504529 1.0012 0.404409 -4.68014e-07 1.18161e-06 1 1
0.999116 0.00516055 -0.404552 -0.00678907 1.00167 1.28828 -2.00632e-06 1.22368e-06 1 1
1.00138 0.00644985 -1.97436 -0.00736761 1.00137 2.36544 1.88089e-06 -5.48327e-07 1 1
0.999911 0.00833228 -2.56954 -0.00906527 1.00033 3.35917 -2.61618e-08 -1.28376e-06 1 1
1.00033 0.00817796 -2.50941 -0.00816813 1.00004 3.53593 -2.9652e-07 1.80243e-07 1 1
0.999342 0.00821029 -2.113 -0.00808227 0.998388 3.41418 -1.12467e-06 -1.10603e-06 1 1
0.997665 0.00756673 -0.928712 -0.00698022 0.997606 2.62682 -3.45493e-06 -4.33475e-07 1 1
0.997744 0.00563085 0.113339 -0.00630824 0.999548 1.96225 -4.2933e-06 1.23264e-06 1 1
0.997796 0.00340086 0.398524 -0.00541031 0.998021 1.78361 -3.92167e-06 8.0137e-07 1 1
1.00015 0.00228028 -0.423733 -0.00376528 1.00051 0.808857 7.8418e-07 -2.90045e-07 1 1
1.00102 0.00386488 -1.63107 -0.00475167 1.00145 1.37295 1.93577e-06 -9.62355e-07 1 1
1.00125 0.00549609 -2.5082 -0.00549705 0.999722 2.15165 2.3387e-06 -1.41949e-06 1 1
1.00168 0.00717206 -3.0361 -0.00667438 1.00048 2.44963 3.56641e-06 -1.84708e-06 1 1
1.00067 0.00985153 -3.108 -0.00848683 0.999803 3.04053 1.68913e-06 -1.17089e-06 1 1
0.999563 0.0108673 -2.25475 -0.00932837 0.999548 3.20271 -1.24742e-06 1.51374e-06 1 1
0.998282 0.0111048 -1.42128 -0.00974028 0.999456 2.84957 -2.07835e-06 -4.25123e-07 1 1
0.99827 0.0123009 -0.851371 -0.0120355 0.999478 3.64344 -2.13179e-06 1.10017e-07 1 1
0.996717 0.00933413 -0.254071 -0.0136368 0.998944 4.23841 -4.91099e-06 9.5568e-07 1 1
0.999433 0.00605318 -1.67608 -0.0101106 0.999352 3.19533 -2.2505e-07 -7.55341e-07 1 1
1.00233 0.00699622 -3.49263 -0.00700751 1.00168 2.33869 3.94913e-06 -5.18666e-07 1 1
1.00278 0.00794431 -3.99915 -0.0067132 1.00077 2.62621 5.31678e-06 -2.26939e-06 1 1
1.00173 0.0101323 -3.74368 -0.00767779 1.00164 3.11398 2.86553e-06 -2.4977e-07 1 1
0.999697 0.00745979 -2.39949 -0.00765658 0.998126 3.51929 8.17209e-07 -2.50103e-06 1 1
1.0003 0.00647667 -2.15543 -0.00668308 1.0008 2.85766 1.68195e-07 -3.30837e-07 1 1
0.999974 0.00388529 -1.52199 -0.00499612 0.998133 2.84948 1.60384e-06 -3.08839e-06 1 1
1.00045 0.0048774 -1.89714 -0.00372509 0.998769 2.13322 2.45771e-06 -3.23647e-06 1 1
0.999823 0.00539871 -1.11758 -0.00437386 0.998902 2.24254 1.17181e-06 -2.08143e-06 1 1
0.998945 0.00147483 0.020097 -0.00425012 0.997573 2.22873 7.25326e-07 -4.09458e-06 1 1
1.00071 0.00480404 -1.67438 -0.00406072 0.999726 2.1664 3.28955e-06 -4.03662e-06 1 1
0.999218 0.00709578 -1.22212 -0.00559493 0.998392 2.99703 -5.73055e-08 -2.04786e-06 1 1
0.997609 0.00666956 -0.173416 -0.00624898 0.997324 2.92665 -2.24717e-06 -2.42764e-06 1 1
0.997355 0.00819174 0.468764 -0.00691039 0.997885 2.78427 -2.8183e-06 -1.18371e-06 1 1
0.994935 0.00871217 1.33063 -0.00977049 0.998639 3.5169 -5.69292e-06 -3.75623e-06 1 1
0.994353 0.00631765 2.38041 -0.0108712 0.996526 4.83112 -7.3751e-06 -2.09324e-06 1 1
0.997181 0.00426749 0.908198 -0.0097906 0.997184 4.88386 -2.99458e-06 -3.10211e-06 1 1
0.996666 0.00677129 -0.554842 -0.00873864 0.996629 3.93838 -3.30475e-06 -4.22925e-06 1 1
0.997306 0.00886159 -0.506564 -0.00940435 0.998093 4.00824 -4.02977e-06 -8.19709e-07 1 1
0.995688 0.00749822 0.558859 -0.00921341 0.996659 3.69392 -6.46393e-06 -5.75336e-07 1 1
0.996938 0.00652893 0.776292 -0.0093991 0.999987 2.92146 -6.94137e-06 3.76763e-06 1 1
0.998813 0.00229998 -0.0240366 -0.00652971 0.997794 2.41415 -2.58606e-07 -3.02355e-06 1 1
1.00044 0.00715084 -2.26204 -0.00690469 1.00126 2.2589 1.77291e-06 -2.8138e-06 1 1
0.999685 0.00702456 -2.06538 -0.00867216 1.00093 4.08758 1.38758e-06 -5.38323e-06 1 1
0.999505 0.0111499 -2.37153 -0.00999347 0.995792 6.13399 -3.35091e-07 -1.51569e-06 1 1
0.998816 0.012834 -2.11866 -0.0122761 0.997912 4.54273 -1.19015e-06 -1.21119e-06 1 1
0.997023 0.0131038 -1.19516 -0.0147456 1.0001 4.62987 -4.79963e-06 8.70003e-07 1 1
0.997747 0.00923416 -1.19062 -0.0130512 1.00036 4.94472 -2.39197e-06 -3.33696e-06 1 1
0.998176 0.0107131 -2.09588 -0.0126829 0.997597 6.23799 -2.26807e-06 -2.19315e-06 1 1
0.999756 0.00764006 -1.94896 -0.0109515 0.997705 5.11596 -2.35986e-07 -8.33741e-07 1 1
1.00256 0.00944177 -3.68876 -0.00983705 0.999968 3.72595 3.07561e-06 1.65253e-06 1 1
1.00136 0.00928228 -4.09426 -0.00919893 1.00054 1.92197 2.53347e-06 -4.76942e-07 1 1
1.00259 0.0108851 -4.10759 -0.00843277 1.00347 2.11046 2.5226e-06 3.19335e-06 1 1
1.00121 0.0103916 -3.6177 -0.00906585 1.00085 2.8418 2.37266e-06 -9.90103e-07 1 1
0.999711 0.00939858 -2.63347 -0.00970048 1.00113 3.33251 -1.25856e-06 1.45307e-06 1 1
1.00003 0.00587056 -2.04097 -0.00625074 0.998397 2.6131 1.00109e-06 -2.23325e-06 1 1
1.00023 0.00977144 -2.24132 -0.00719662 1.00043 2.52199 4.16828e-07 -1.15788e-07 1 1
0.999121 0.00553642 -0.691862 -0.00811501 0.999909 2.98088 -9.58833e-07 -6.49146e-07 1 1
1.00032 0.00531757 -1.92607 -0.00743872 0.999995 3.02822 1.53559e-06 -2.65449e-06 1 1
1.0014 0.00764225 -2.8678 -0.00727698 0.999828 3.33311 2.66446e-06 -1.4136e-06 1 1
1.00157 0.00717284 -2.82343 -0.00778542 1.00021 3.12741 2.85261e-06 -1.15565e-06 1 1
1.00159 0.00817175 -3.48425 -0.00853873 1.00065 3.41556 3.84002e-06 -3.24415e-06 1 1
1.00198 0.0122185 -4.35365 -0.0101386 0.998779 4.51412 3.61502e-06 -1.49603e-06 1 1
1.00018 0.013155 -3.29452 -0.0116011 0.999288 3.78353 -1.21644e-07 1.57518e-06 1 1
0.99964 0.0128985 -2.75605 -0.0122737 1.00127 3.31791 -4.92309e-07 7.31948e-07 1 1
0.998787 0.0123048 -2.24758 -0.0126713 1.00027 4.03337 -1.93316e-06 1.06211e-06 1 1
0.999967 0.00779125 -2.09932 -0.0115686 0.999777 3.61981 5.50956e-07 -6.84792e-07 1 1
1.0013 0.0119689 -4.14356 -0.0109865 1.00247 3.60933 1.78083e-06 -2.93269e-07 1 1
0.999213 0.0123102 -3.05893 -0.0115386 0.998348 4.59975 -9.16616e-07 1.17408e-07 1 1
0.999484 0.0114407 -2.82704 -0.0119076 1.00183 3.91297 5.91316e-07 -3.36184e-06 1 1
0.999727 0.0123008 -2.75241 -0.0143965 1.00094 6.35079 -4.95797e-08 -2.40852e-06 1 1
0.997787 0.0126316 -2.91581 -0.0146036 0.996539 7.28016 -2.08303e-06 -3.34011e-06 1 1
0.997986 0.0129388 -2.45824 -0.0132108 0.99821 5.71718 -2.46436e-06 -1.99916e-06 1 1
0.998248 0.00926265 -1.71573 -0.0130133 0.998008 5.88085 -4.82935e-07 -4.8547e-06 1 1
0.999131 0.0103934 -2.5678 -0.0110529 0.996065 5.50749 -1.06797e-06 -5.74284e-07 1 1
0.997675 0.0117281 -1.9121 -0.00993183 0.997651 3.0401 -2.69771e-06 -8.38114e-07 1 1
0.997873 0.0105505 -0.691115 -0.0109808 1.00036 3.11579 -3.52423e-06 9.66908e-07 1 1
0.996882 0.0101721 -0.332426 -0.011119 0.998126 3.64658 -4.0703e-06 -6.53043e-07 1 1
0.997543 0.00734916 -0.10559 -0.00975712 0.999912 3.00876 -3.7113e-06 1.63663e-07 1 1
0.99866 0.00701598 -0.772778 -0.00873273 0.998725 3.05401 -1.2155e-06 -1.23422e-06 1 1
0.999639 0.00817615 -1.51571 -0.00885424 1.00062 3.26277 -1.20589e-06 1.0079e-06 1 1
0.99838 0.00588574 -0.926047 -0.00728146 0.996424 2.99952 -1.02578e-06 -2.22379e-06 1 1
1.00022 0.00646412 -1.56438 -0.00566057 0.999759 1.74507 1.68919e-07 5.26498e-07 1 1
0.998902 0.00708072 -0.973355 -0.0059318 0.997831 1.60889 -7.87624e-07 -1.14177e-06 1 1
0.99893 0.00657113 -0.385859 -0.00628426 0.998942 1.63622 -2.29182e-06 1.75105e-06 1 1
0.999457 0.0057789 -0.310849 -0.00621251 0.999355 1.16179 -1.0595e-06 8.22918e-07 1 1
0.998667 0.00486533 -0.509719 -0.00602182 1.00168 1.09453 -1.98562e-06 -1.97508e-08 1 1
0.998724 0.00389845 -0.456234 -0.00456715 0.997944 2.07287 -7.39119e-07 -2.75206e-06 1 1
0.998811 0.0037405 -0.425122 -0.00426765 0.997952 1.84211 -1.37521e-06 -9.66605e-07 1 1
0.999041 0.00346776 -0.39688 -0.00441742 0.999093 1.44228 -8.71444e-07 -1.05829e-06 1 1
1.00068 0.00394525 -0.973038 -0.003819 0.998905 1.55376 9.53745e-07 -1.1216e-07 1 1
0.999663 0.00541943 -0.842767 -0.0043912 0.999581 1.21375 -4.31e-07 -1.17823e-08 1 1
0.999182 0.00239685 -0.0224028 -0.00378891 1.00001 1.05194 -1.59482e-06 7.92315e-07 1 1
1.00018 0.00273578 -0.68514 -0.00256092 0.999078 0.690959 5.80353e-08 4.77776e-07 1 1
1.00086 0.00282882 -0.895426 -0.00255685 1.00078 0.363784 5.42025e-07 1.54054e-06 1 1
1.00119 0.00336953 -1.21829 -0.00263539 0.999539 0.424463 7.58e-07 2.18918e-06 1 1
1.00027 0.00438594 -1.07896 -0.00302943 1.00225 -0.332461 -2.52119e-08 1.16264e-06 1 1
1.00023 0.00198209 -0.409885 -0.00216928 1.00049 0.481877 -3.07704e-07 1.18392e-06 1 1
1.00014 0.00255536 -0.70226 -0.00306864 1.0003 0.811531 1.13187e-07 8.13611e-08 1 1
1.00041 0.00205078 -1.07776 -0.00272787 1.00091 0.808369 9.24265e-07 -1.2475e-06 1 1
1.00051 0.00170935 -1.06944 -0.0025678 0.999707 1.50068 1.26952e-06 -1.30039e-06 1 1
1.00105 0.00116221 -1.16174 -0.000996488 0.999665 0.921549 1.45463e-06 -5.48199e-08 1 1
1.00136 0.00274213 -1.37149 -0.00119785 1.00143 0.522102 1.75578e-06 -6.85139e-08 1 1
0.999879 0.00299206 -0.617834 -0.00229392 0.998786 1.22116 -4.21941e-07 1.00528e-06 1 1
0.999984 -2.14202e-05 0.024229 -0.00124157 1.00084 -0.100165 -9.96533e-08 9.76367e-07 1 1
1.00025 -0.000548206 -0.438541 -0.000486232 1.00073 -0.132259 6.13696e-07 -5.05864e-07 1 1
1.0007 -0.000365481 -0.882707 0.000569197 1.00166 -0.270722 8.15044e-07 7.25448e-07 1 1
1.00107 0.000640218 -0.832552 0.00147138 1.00037 -0.152897 1.38787e-06 3.05208e-07 1 1
0.999228 -0.000613048 0.568433 0.000659507 0.99954 -0.112131 -1.19197e-06 5.03088e-07 1 1
0.999764 -0.00358944 0.932664 0.00186898 1.00069 -0.745799 -3.60885e-07 3.25188e-07 1 1
1.00104 -0.00253431 -0.219023 0.00243913 1.00095 -0.883724 1.43002e-06 7.9531e-07 1 1
1.00064 -0.00319482 -0.185378 0.00322305 1.00103 -1.24546 1.25346e-06 -4.01168e-07 1 1
1.00069 -0.00287678 -0.0181704 0.00357984 1.00083 -0.974159 1.79443e-06 -1.63378e-06 1 1
1.00059 -0.00471685 0.429829 0.00311926 0.999211 -0.28807 1.60428e-06 -1.54349e-06 1 1
1.00151 -0.00173843 -0.732782 0.00311132 0.999858 -0.513406 2.20421e-06 1.40998e-07 1 1
1.00087 0.0012789 -0.670102 0.00166192 0.999595 -0.661575 1.14142e-06 9.38227e-07 1 1
0.999876 0.000465929 0.432331 -0.000132762 1.0014 -0.778693 -9.86115e-07 1.92367e-06 1 1
0.999789 -0.00114447 0.578108 0.000315436 1.00013 -0.557695 -1.04043e-07 1.45581e-07 1 1
0.999508 -0.0020466 0.284056 0.000481926 1.00089 -0.495053 -4.98522e-07 9.76795e-08 1 1
1.00152 -0.00122705 -0.722969 0.00259477 1.00061 -0.817579 1.80123e-06 1.16297e-06 1 1
1.00061 -0.000182729 -0.335263 0.00221451 1.00027 -1.0175 1.15861e-06 -4.14329e-07 1 1
0.998932 -1.61675e-05 0.479721 0.000547935 0.999485 -0.29521 -1.18347e-06 -5.85246e-07 1 1
0.999581 -0.00106406 0.753944 0.000497689 0.999504 -0.288641 -2.76049e-07 -6.87783e-07 1 1
0.999396 -0.00159154 0.446631 -0.000143507 0.999408 0.0344827 -4.94742e-07 -9.10172e-07 1 1
1.00062 -0.000589662 -0.491954 0.000642115 0.999584 -0.201313 1.06427e-06 -2.34916e-07 1 1
1.00012 0.00177574 -0.698089 8.6333e-05 0.999517 -0.427092 2.04307e-07 2.62502e-07 1 1
0.999487 0.000975297 0.184533 -0.000228566 1.00014 -0.494377 -7.97447e-07 6.32881e-07 1 1
1.0004 -0.000142241 0.280725 -0.000185831 1.0014 -0.489076 5.57109e-08 4.44976e-07 1 1
0.99986 -0.00167863 0.358834 0.000333083 1.00005 -0.033544 4.61971e-08 -6.43283e-07 1 1
0.999996 -0.00153559 -0.197855 0.000927747 0.997811 0.455934 7.42588e-07 -1.60581e-06 1 1
1.00119 0.00193382 -0.904737 0.00110241 1.00003 -0.397493 1.3196e-06 6.39837e-07 1 1
1.00012 0.0013883 0.0637208 -0.00114519 0.999641 0.0948722 7.31752e-08 5.48963e-07 1 1
1.00056 0.00105795 -0.358686 -0.0015548 1.00073 0.0695702 4.20727e-07 5.77502e-07 1 1
1.0004 0.00258122 -0.866499 -0.00132609 1.00053 0.298721 2.29535e-07 2.95657e-07 1 1
0.999094 0.00162101 -0.00186411 -0.00129239 0.99813 0.693381 -8.77757e-07 -6.28222e-07 1 1
0.998488 0.000257833 0.679156 -0.000745419 0.998889 -0.131088 -1.63334e-06 -7.4133e-07 1 1
0.997988 -0.00130976 1.43875 0.000202273 0.998991 -0.467848 -2.19104e-06 -9.91772e-07 1 1
0.999794 -0.00145884 0.461352 0.000561766 1.00023 -0.424851 -3.82012e-07 5.02186e-08 1 1
0.999569 -0.00103498 0.137093 0.000815422 1.00013 -0.260588 -1.47282e-07 -9.00278e-07 1 1
0.999754 0.000640158 0.00646632 0.000710332 0.998882 0.29258 -2.9846e-07 -4.1735e-07 1 1
0.998908 -0.0008337 1.06707 6.1662e-05 0.998723 0.0658861 -1.0904e-06 -6.17509e-07 1 1
1.00038 -0.00158977 0.406139 0.000327919 1.00219 -0.680802 -1.57198e-07 1.43565e-06 1 1
1.00017 -0.000352862 -0.203937 0.000744741 1.0001 0.0324843 3.53412e-07 -2.50234e-07 1 1
0.999578 -0.00102042 0.224773 0.000688642 0.999662 -0.0482448 -2.93614e-07 -6.2969e-07 1 1
0.999758 0.000959642 0.139025 0.00055297 0.999518 -0.0915009 -6.89711e-07 1.09891e-06 1 1
0.998634 -0.00114618 1.02707 0.00021679 0.999547 -0.45393 -1.76836e-06 -2.88844e-07 1 1
0.999245 -0.00160351 0.919074 0.000541122 1.0002 -0.406559 -1.03373e-06 2.90155e-07 1 1
1.00054 -0.00200775 0.120501 0.00100629 1.00076 -0.418732 6.45251e-07 4.51221e-07 1 1
1.00053 0.000129901 -0.54057 0.0010301 1.00061 -0.29047 6.89763e-07 3.17779e-07 1 1
0.999491 -0.00110047 0.212163 0.000651116 0.999693 -0.164333 -4.73224e-07 -3.78446e-07 1 1
0.999853 5.50073e-07 -0.0248885 0.000780797 0.998823 -0.0388639 3.02258e-07 -9.18177e-07 1 1
0.999983 0.00021133 0.327435 0.000460092 1.00032 -0.50697 -6.24222e-07 1.39873e-06 1 1
1.00066 -0.00131937 0.214043 -7.92598e-05 1.00145 -0.429521 4.7984e-07 1.05866e-06 1 1
1.00105 -0.000319464 -0.616649 0.000174946 1.00089 -0.234129 1.50173e-06 1.41079e-07 1 1
0.999692 0.00264804 -0.867877 -0.000648832 0.999788 0.228928 -3.65288e-07 -1.66737e-07 1 1
0.999364 0.000274812 0.320983 -0.000814756 0.999699 0.161126 -1.32731e-06 9.77949e-07 1 1
0.999783 0.000444927 0.0115847 -0.000130653 1.001 -0.425172 -1.16602e-06 1.7422e-06 1 1
0.999854 -0.000764761 0.379048 -3.85179e-05 1.00027 -0.290271 -3.19845e-07 4.54718e-07 1 1
1.00082 0.000748939 -0.289736 0.000213947 1.0019 -0.479251 -1.63745e-07 2.66546e-06 1 1
0.999821 0.00077886 0.0234505 -0.00017509 0.999746 -0.112519 -6.85102e-07 1.01405e-06 1 1
1.00016 0.000240137 0.200221 -0.000140146 1.00168 -0.702636 -6.38106e-07 2.3474e-06 1 1
1.00038 0.00164424 -0.291396 -0.000809217 1.00158 -0.243236 -9.66044e-07 3.07127e-06 1 1
0.99903 -0.000414419 0.382244 -0.000832353 1.00096 -0.14111 -1.47525e-06 -1.92647e-07 1 1
0.999652 0.000431288 0.0187382 -0.000557334 1.0002 0.473929 -1.10619e-06 1.17149e-06 1 1
1 0.000141301 0.215419 0.000106201 0.999964 -0.0448219 -1.73943e-08 2.29068e-08 1 1
1 7.23315e-05 0.203408 1.35038e-06 1.00043 -0.127827 -6.83661e-07 1.39862e-06 1 1
1.00014 -7.68988e-05 0.213699 0.000750116 1.00014 -0.395016 -2.83111e-08 5.54163e-07 1 1
0.999749 -0.000991619 0.592668 0.000739282 1.00017 -0.528807 -4.52631e-07 -1.86497e-08 1 1
0.999853 -0.00151414 0.393113 0.00060744 1.00014 -0.11668 -2.45094e-07 2.1753e-08 1 1
1.00078 -9.23404e-05 -0.36598 0.000265009 1.00133 -0.0669355 1.74447e-07 1.31686e-06 1 1
1.00056 0.000951738 -0.513575 0.00013998 1.00088 -0.165502 -2.96252e-07 2.45603e-06 1 1
1.00009 0.000354656 0.139148 -0.0001882 1.00004 0.0157358 2.12337e-07 -1.79341e-07 1 1
1.00025 -0.00055601 0.140548 -0.00041759 1.00139 -0.227477 -4.9334e-07 1.90457e-06 1 1
1.00127 -0.000659182 -0.481645 0.000499603 1.00235 -0.474762 8.83502e-07 1.53812e-06 1 1
1.00078 -0.00085693 -0.650137 0.00101132 0.999496 0.224633 1.8305e-06 -1.56707e-06 1 1
1.00085 0.000242021 -0.811043 0.000960313 1.00039 -0.103876 9.15685e-07 7.43775e-07 1 1
0.999806 7.84112e-05 0.0128973 0.00080728 0.999662 -0.344233 -6.84749e-08 -9.96521e-08 1 1
1.00037 -0.000401267 0.10485 0.000700561 1.00115 -0.632769 2.26653e-07 7.5433e-07 1 1
0.999621 -0.000654108 0.179086 -5.09391e-05 0.999865 0.200271 -4.77101e-07 -3.61161e-07 1 1
1.0008 -0.00136044 -0.138088 0.000544293 0.999603 -0.0734606 9.70026e-07 4.89221e-07 1 1
1.003 -0.00377833 -0.840029 0.00189653 0.999938 -0.686744 3.87052e-06 1.45951e-06 1 1
1.0061 -0.00203883 -3.02386 0.00338988 1.00235 -2.44002 7.25613e-06 4.95013e-06 1 1
1.00582 0.00238748 -4.47271 0.00295113 1.00455 -3.44306 6.99385e-06 4.14258e-06 1 1
1.00264 0.00409138 -2.87779 0.00147689 1.00457 -2.03317 4.00959e-06 -3.7651e-07 1 1
1.00025 0.00244523 -0.305193 -0.00133832 1.00055 1.0235 1.36805e-06 -3.98952e-06 1 1
0.999442 -0.00560155 1.53482 0.000598522 0.996291 0.928875 7.10167e-07 -2.7675e-06 1 1
1.00228 -0.00266908 -1.52032 0.00142373 1.00361 -0.789884 5.64162e-06 -5.19504e-06 1 1
1.00187 -0.00293549 -1.76587 0.00157737 0.998084 1.83143 5.24608e-06 -6.42272e-06 1 1
0.999585 0.00139462 -1.52471 0.0023584 0.998849 1.00601 1.08993e-06 -4.98018e-06 1 1
0.995301 -0.0040373 2.57162 0.00135048 0.994041 1.92362 -2.80684e-06 -9.46851e-06 1 1
0.995163 -0.00614701 3.48821 0.000888704 0.994712 2.47113 -2.84881e-06 -1.00165e-05 1 1
1.00028 -0.00692809 1.37546 0.000912015 0.993329 2.82117 2.27221e-06 -4.63623e-06 1 1
0.999022 0.00395288 -1.51074 0.000384698 1.0017 -0.137847 2.05765e-07 -4.94374e-06 1 1
0.995214 0.00365809 2.05034 -0.00225707 0.995763 3.46357 -8.45442e-06 8.4967e-07 1 1
0.996552 -0.00705965 4.86487 0.000327482 0.988006 1.22235 -4.60741e-06 1.11639e-06 1 1
1.0035 -0.00122825 0.141979 0.00132022 1.00593 -5.04229 2.37726e-06 7.17093e-06 1 1
1.00547 5.88588e-05 -2.35934 -0.00102998 1.00565 -2.94799 5.43328e-06 6.17513e-06 1 1
1.00329 0.00378221 -3.84967 0.000710903 1.00338 -3.01596 3.02433e-06 5.15338e-06 1 1
1.00169 0.00565109 -2.00043 0.000950126 1.0031 -3.67764 -2.46099e-07 7.44261e-06 1 1
1.00295 0.00205049 -0.44952 -0.000466231 1.00356 -3.21215 1.49177e-06 7.1893e-06 1 1
1.00057 0.00273076 -0.904463 -0.00130267 1.00378 -3.49078 -8.94352e-07 4.65983e-06 1 1
1.00066 -0.000856341 0.47583 -0.0010928 1.00271 -1.55976 5.26282e-07 1.20848e-06 1 1
1.00381 0.0010069 -3.06563 -0.00451579 1.00373 0.0815225 6.27767e-06 -1.63644e-06 1 1
1.00454 0.00162409 -4.50921 -0.0028128 1.00471 0.291095 7.11026e-06 -2.55021e-06 1 1
1.01176 -0.0112323 -6.81675 0.00153941 1.00751 0.0876225 1.68642e-05 -1.84635e-06 1 1
1.00685 0.0049056 -10.6479 0.00854661 1.00789 -1.39277 1.09881e-05 -1.1778e-06 1 1
1.007 -0.00112762 -4.9349 0.00591096 0.99463 1.88001 1.11808e-05 -4.23026e-06 1 1
1.00211 0.00105049 -3.46783 0.0032094 1.00197 -1.46784 1.7615e-06 1.26007e-06 1 1
1.00358 0.000782509 -2.11115 0.00243366 1.00296 -1.79272 3.96754e-06 8.69247e-07 1 1
0.999331 -0.00143636 -0.680635 -8.68083e-05 0.999142 -0.700504 -1.53797e-06 -9.63428e-07 1 1
1.00233 -0.00525265 -0.633524 0.00341636 1.00764 -1.91491 2.51116e-06 -1.41152e-06 1 1
1.00037 -0.00302615 -1.7248 0.00221653 0.999793 1.71032 1.99236e-06 -7.65326e-06 1 1
1.00087 0.00317286 -1.71642 0.00123788 0.992394 3.72628 1.34395e-06 -3.39109e-06 1 1
0.996744 0.0116495 -0.356679 -0.00641174 0.997339 1.14391 -7.59317e-06 3.93994e-06 1 1
0.994034 0.00678827 2.88419 -0.00847809 1.00046 0.259826 -1.0431e-05 1.75982e-06 1 1
0.994928 0.00583222 2.82008 -0.00923831 1.00394 2.15382 -8.35516e-06 -1.68899e-06 1 1
0.995205 0.00322179 2.22235 -0.0114456 0.992137 6.37568 -5.96936e-06 -4.61043e-06 1 1
0.996707 0.00239837 -0.112701 -0.00858252 1.00071 2.96904 -4.09376e-06 -3.09356e-06 1 1
1.0009 0.00118389 -2.28362 -0.00389399 1.00205 2.22656 1.97016e-06 -4.73029e-06 1 1
0.998474 0.00334339 -1.83518 -8.15822e-06 0.997352 2.42537 -1.6888e-06 -4.12292e-06 1 1
0.9996 0.00175764 0.412713 -0.00106546 0.994772 2.31079 -2.01522e-06 3.82549e-08 1 1
1.00121 0.00281514 0.47875 -0.0023755 0.999427 0.297139 -2.5016e-06 7.19011e-06 1 1
1.00033 -0.000407196 -0.135633 -0.00188618 1.00365 -2.65498 -1.10069e-06 2.53997e-06 1 1
1.00256 0.00546889 -1.7045 -0.0010687 1.00596 -0.951966 5.41272e-08 5.37002e-06 1 1
1.00009 0.00343484 -0.503558 -0.00602239 0.999955 1.77641 4.0942e-07 -1.91044e-06 1 1
1.00161 0.0043024 -2.28324 -0.00545846 1.00225 1.43672 -7.90766e-07 4.30371e-06 1 1
1.00305 0.00364928 -2.8273 -0.00207058 1.00327 -0.511253 2.0111e-06 3.80372e-06 1 1
1.00282 0.00889983 -4.38711 -0.00465778 1.00415 0.729774 -1.27558e-06 7.51466e-06 1 1
0.99902 0.00238474 0.437202 -0.00113696 1.00362 -1.66146 -4.38191e-06 5.16712e-06 1 1
1.00026 -0.0025293 0.486069 0.000423464 1.00208 -1.51986 -1.2855e-06 2.41546e-06 1 1
1.00112 -0.00398624 0.0156617 0.00283303 1.0039 -1.68158 1.85749e-06 -2.11688e-06 1 1
1.00264 -0.00466375 -1.10025 0.00104954 1.00093 0.64301 3.82686e-06 -2.07112e-06 1 1
1.0054 -0.0085379 -2.63452 0.00515684 0.999835 0.131704 9.06151e-06 -4.06708e-06 1 1
1.00976 -0.000368829 -6.57795 0.00587117 1.00433 -2.0388 1.29016e-05 1.65481e-06 1 1
1.0052 0.00750446 -6.1653 0.000531504 1.00119 -0.272468 7.31683e-06 -9.13419e-08 1 1
1.00105 0.00794618 -3.16097 -0.00167947 1.00352 -0.890272 -7.98575e-07 3.78616e-06 1 1
0.997043 0.00261224 0.746923 -0.0018588 0.998516 -0.350401 -4.64477e-06 -2.84818e-07 1 1
0.997873 -0.000506432 1.79674 -9.93257e-05 1.00046 -0.655465 -4.61763e-06 1.44336e-06 1 1
0.99862 -0.0042903 1.97908 0.000740794 1.00024 -0.619592 -1.83951e-06 -1.51061e-06 1 1
1.00289 0.000424972 -0.786258 -0.000893253 1.00185 0.302718 1.52241e-06 3.78738e-06 1 1
0.999264 -0.00122762 -0.751142 3.2253e-05 1.00151 -1.064 -2.367e-06 2.2639e-06 1 1
1.00375 -0.00432539 -1.08543 0.00408759 1.00529 -2.4894 3.81923e-06 2.58347e-06 1 1
1.00438 0.000541054 -2.7936 0.00232464 1.00307 -0.749254 4.60325e-06 1.45029e-06 1 1
1.00095 -0.000695129 -1.29979 0.000984752 1.0014 0.0249414 9.61687e-07 -3.91888e-07 1 1
1.00401 -0.0001236 -1.88415 0.0020614 1.00047 -0.319758 3.751e-06 2.98066e-06 1 1
1.0045 0.00658275 -3.08224 -0.00179418 0.999146 -0.0838371 4.16089e-06 3.59903e-06 1 1
0.997872 0.00968521 -1.05997 -0.00599076 1.0019 -0.921344 -4.95464e-06 3.77331e-06 1 1
0.996181 0.00637909 1.30249 -0.0058761 1.00051 -0.117059 -7.92678e-06 4.5302e-06 1 1
0.995992 0.00448128 1.90891 -0.00518336 1.00122 -0.627936 -8.09094e-06 4.44721e-06 1 1
0.994585 0.00558112 2.53493 -0.00472225 0.999162 0.0807708 -9.91672e-06 4.68635e-06 1 1
0.997956 0.00322023 2.41889 -0.00600866 1.00069 0.174764 -6.25007e-06 6.67841e-06 1 1
0.99835 0.00276071 0.701046 -0.00686419 1.0021 0.0393334 -4.76544e-06 6.75486e-06 1 1
1.00203 -0.000721179 -1.5397 -0.00190125 1.00847 -2.20308 5.23983e-07 6.72951e-06 1 1
1.00719 -0.00293014 -3.69818 0.0035347 1.00766 -1.74721 9.0648e-06 2.69455e-06 1 1
1.00602 -0.000311001 -4.48309 0.00347698 1.0036 -0.168827 8.50952e-06 -2.60636e-08 1 1
1.00319 0.000181716 -3.1221 0.00332514 1.00036 0.216266 4.42029e-06 -2.08945e-07 1 1
1.00099 -0.00217085 -1.12417 0.00345401 1.00133 -0.92935 2.22722e-06 -2.5685e-06 1 1
1.00294 -0.00124305 -0.863627 0.00324607 1.00019 0.359143 2.95647e-06 2.58842e-06 1 1
0.999528 -0.00266518 0.105411 0.00108972 0.997995 0.00777029 1.11248e-06 -3.63486e-06 1 1
0.999901 -0.00349194 -0.0964484 0.00243531 1.00072 -0.666017 1.39567e-06 -3.99108e-06 1 1
1.00154 -0.00333662 -0.797108 0.00185336 0.997453 1.46154 3.82463e-06 -4.05072e-06 1 1
1.00421 -0.00102603 -2.44845 0.00246585 1.00411 -0.647516 3.96689e-06 4.12822e-06 1 1
1.00106 -0.000920891 -1.44667 0.00431603 0.995013 -0.00539098 3.65232e-06 -4.11106e-06 1 1
0.999486 0.00150357 0.041583 0.00131301 0.99999 -1.25007 -1.90627e-06 2.7251e-06 1 1
0.998648 -0.0012101 1.60175 0.00223873 1.00018 -1.50904 -3.52479e-06 3.50036e-06 1 1
0.999037 -0.00159253 2.06437 0.00161505 1.00116 -1.71136 -3.86619e-06 5.87861e-06 1 1
1.00027 -0.00275214 1.55802 0.00211979 1.00262 -2.10537 -1.64592e-06 4.9593e-06 1 1
1.00121 -0.000943555 0.517198 0.00127333 1.00309 -1.25665 -6.97945e-07 5.33512e-06 1 1
0.997107 -0.00300495 1.34228 0.00305353 0.995654 -0.822302 -2.15513e-06 -3.65586e-06 1 1
1.00071 -0.00252158 1.54003 0.00363866 1.00364 -2.05658 -2.42837e-06 6.9677e-06 1 1
0.998084 -0.00434469 2.30788 0.00400953 0.994592 -1.19812 -1.4401e-06 -1.3523e-06 1 1
0.99862 -0.00237627 1.99684 0.00340985 1.0005 -2.21651 -2.60804e-06 1.9018e-06 1 1
0.997568 -0.00236028 2.41749 0.00175448 0.998723 -1.36337 -3.17344e-06 -4.69383e-07 1 1
1.00082 -0.00246434 2.04131 0.00332803 0.998993 -1.31807 -2.13387e-06 7.79073e-06 1 1
0.998543 -0.00258864 2.11238 0.0020798 1.00414 -3.82949 -1.6584e-06 -7.41243e-08 1 1
1.00498 0.00525491 -1.53397 -8.18145e-05 1.00483 0.083579 3.40608e-07 1.06416e-05 1 1
0.999467 -0.000594657 0.574257 -0.00150503 1.00046 0.0839865 -1.02786e-06 9.68906e-07 1 1
0.999688 0.00360722 -0.839507 -0.00128645 0.999047 -0.387098 -7.32311e-07 1.36573e-06 1 1
0.999005 0.00393824 0.0105653 -0.00296443 1.00235 -0.179521 -2.76727e-06 2.52919e-06 1 1
0.998641 0.00214843 0.532323 -0.00215232 0.998263 0.906936 -2.00772e-06 -6.18435e-07 1 1
1.00075 0.00391873 -0.082024 -0.00403901 0.997018 0.543309 -5.31075e-07 4.09255e-06 1 1
0.999405 0.00607493 -0.755574 -0.00449245 1.00565 -1.8139 -3.11168e-06 5.09224e-06 1 1
0.996998 -0.00193209 1.32134 -0.00183719 1.00291 -1.28295 -2.78053e-06 -3.64584e-06 1 1
0.997304 -0.0048252 1.10161 0.00294764 0.999193 0.590123 -1.83833e-06 -6.27926e-06 1 1
1.00598 -0.00042892 -1.22308 0.00374901 0.998888 1.08459 5.04563e-06 -6.78027e-07 1 1
1.0001 0.00490456 -0.286689 -0.00290839 0.992866 1.68141 -1.36565e-06 3.44334e-06 1 1
0.998638 0.00423114 0.282305 -0.00442197 1.00289 -2.65193 -3.81569e-06 5.01733e-06 1 1
0.996995 0.00154474 1.18302 -0.000999451 1.00466 -2.25746 -5.1826e-06 6.38843e-07 1 1
0.996585 -0.00148522 2.1778 0.000249671 0.996587 0.477786 -3.74542e-06 -3.11226e-06 1 1
0.998384 -0.0036752 1.71083 -0.00015819 1.0004 0.272064 -1.07883e-06 -4.19782e-06 1 1
1.00379 0.00304109 -1.34449 -0.00087055 1.00146 0.691248 1.19471e-06 8.65705e-06 1 1
1.00374 0.010413 -2.6477 -0.00380734 1.00414 -0.527276 2.4475e-07 1.1394e-05 1 1
0.994486 0.00927257 0.759298 -0.00650424 1.00213 -0.976883 -9.90495e-06 3.87786e-06 1 1
0.992488 0.000908484 4.18391 -0.00326146 1.00112 -0.705626 -1.23604e-05 3.46719e-06 1 1
0.994965 -0.00625613 4.35138 0.000933948 1.00035 -0.973612 -7.38334e-06 -1.36685e-06 1 1
0.997986 -0.00494515 1.45139 0.00227441 0.99502 1.15981 -6.40772e-07 -6.26409e-06 1 1
0.998147 0.0012271 0.433678 -0.000504242 0.996996 0.205831 -2.72889e-06 8.86771e-08 1 1
0.998143 -0.00143067 1.04572 -0.000177668 0.999856 -0.817526 -2.53938e-06 1.94468e-07 1 1
0.997843 -0.00243663 0.444539 -5.49769e-05 1.00168 -0.851935 1.21407e-06 -8.74756e-06 1 1
0.996228 -0.00239176 0.453647 -0.00177345 1.00366 2.12203 -1.78768e-06 -9.68801e-06 1 1
0.995905 -0.00663538 0.827109 0.00220078 0.993719 4.67755 -2.12928e-06 -1.01123e-05 1 1
0.999037 -0.0126322 1.57027 0.00547087 0.99628 2.42175 3.46475e-06 -1.21121e-05 1 1
1.0029 -0.0034887 -2.93575 0.00680794 0.993497 3.02749 5.86658e-06 -4.76113e-06 1 1
1.0001 0.00139709 -0.694797 0.00331797 1.00076 -1.1653 -1.44961e-07 1.17029e-06 1 1
0.999831 0.000593846 0.546938 8.69801e-05 0.99834 0.678603 -1.99993e-07 5.30782e-07 1 1
0.989494 -0.00403881 3.87871 -0.00126879 0.993009 0.416166 -9.41602e-06 -3.67951e-06 1 1
0.998954 -0.00356083 1.8339 0.00340577 1.00095 -2.21201 -1.2932e-06 7.2611e-07 1 1
0.996691 0.000999471 1.37976 -0.00133342 0.991787 1.29651 -3.43831e-06 -9.43276e-07 1 1
0.996409 -0.000350899 1.97621 -0.00188302 0.998388 -1.31995 -3.36251e-06 -1.74563e-06 1 1
0.99971 -0.000221979 0.86902 0.000382395 1.00002 -1.29704 -6.64429e-07 2.1002e-06 1 1
0.999748 0.0074779 -0.501945 -0.00360258 1.00079 -0.999614 -2.61391e-06 6.77257e-06 1 1
0.997802 -0.00068638 2.14781 -0.00227707 1.00436 -2.11931 -5.03643e-06 4.85751e-06 1 1
0.99955 0.000363156 0.664015 -0.000226277 0.998214 0.073603 -4.94004e-07 1.16761e-06 1 1
1.00066 0.00322987 -0.148288 -0.00144079 1.0004 -0.718033 -1.17191e-06 5.64273e-06 1 1
0.99989 0.00105799 0.449106 -0.00091656 1.00337 -1.79271 -2.44309e-06 5.54927e-06 1 1
1.00088 -0.000129873 0.186256 0.000593246 0.998897 -0.720776 2.0477e-06 -5.32989e-07 1 1
0.999735 -0.00115198 0.131052 6.42989e-05 1.00118 -0.329255 9.45649e-07 -2.73731e-06 1 1
0.999616 0.000644764 -0.169539 0.000142237 0.99826 0.996757 1.2921e-07 -2.10706e-06 1 1
1.00014 0.00381734 -0.15997 6.42459e-05 0.996365 1.39701 2.58793e-07 3.30558e-07 1 1
1.00011 0.00251093 0.474553 -0.0024485 0.996366 0.871775 2.11505e-07 5.7365e-07 1 1
0.997184 0.000929389 1.1855 -0.00247817 0.998335 -0.725059 -1.65692e-06 -4.63749e-06 1 1
0.999306 -0.00127857 0.584309 -0.000866172 1.00141 0.202869 -8.16485e-07 -1.7731e-07 1 1
0.999733 -0.000278462 -0.361616 0.000411584 0.998447 0.436342 1.06196e-06 -3.91647e-06 1 1
0.999064 0.00119098 -0.0172875 0.000249399 0.995159 1.78525 -4.81616e-08 -2.76362e-06 1 1
0.998625 0.000693899 0.84308 -0.000820351 0.996821 0.310506 -1.17599e-06 -2.05409e-06 1 1
0.997881 -0.000885874 1.20871 6.04582e-05 1.001 -0.459042 -1.99052e-06 -3.13808e-06 1 1
0.999162 -0.00358044 1.19614 0.000640172 0.995194 1.48921 -1.57154e-07 -2.72762e-06 1 1
1.00108 -0.00188979 -0.172449 0.00227007 0.998905 -0.654236 2.41987e-06 -2.00586e-06 1 1
0.999713 0.000827549 0.00309194 0.000172014 0.999432 0.538143 1.99042e-07 -1.94957e-06 1 1
0.999953 -0.00382269 0.598413 0.0010858 0.997374 0.901738 1.56744e-06 -4.27428e-06 1 1
1.0016 -7.43337e-05 -0.924265 0.00178907 0.99935 0.385591 2.60137e-06 -1.3365e-06 1 1
0.999445 0.000881446 -0.118351 0.000634736 0.99813 0.542247 -9.747e-09 -2.07801e-06 1 1
0.998088 0.000408855 1.0786 -4.88588e-05 0.996693 0.742113 -1.76749e-06 -2.34375e-06 1 1
0.998994 -0.00200194 1.35527 -0.000164134 0.999243 0.417867 -9.98298e-07 -1.38413e-06 1 1
1.00024 -0.0016947 0.104461 0.000315496 0.998741 0.611728 9.11051e-07 -1.37029e-06 1 1
1.00187 -0.000131187 -0.641886 0.000610792 0.998537 0.329598 3.01993e-06 -5.84995e-07 1 1
1.0001 0.000926193 -0.728254 -0.000254836 1.00058 -0.161409 4.00531e-07 -8.44145e-07 1 1
0.999387 -0.000284997 0.238225 0.000213313 0.999858 0.23683 -1.13666e-06 -1.5179e-07 1 1
1.00055 -0.000714007 0.208783 0.000750697 0.999788 0.264161 1.93439e-07 1.34781e-06 1 1
0.9999 -0.000926719 0.089031 0.00037419 1.0007 -0.180142 5.03803e-08 -5.79157e-07 1 1
1.0005 0.000520199 -0.188909 0.000140619 1.00049 0.256532 -2.04359e-07 1.64585e-06 1 1
1.01926 -0.000315712 -6.3298 -0.000356368 1.01588 -4.43856 -1.54733e-06 8.9974e-07 1 1
1.00066 -0.000524288 -0.103159 0.000104768 1.00161 -0.135853 3.10549e-07 1.44403e-06 1 1
1.06733 -0.000528592 -20.5837 0.0011878 1.0726 -15.8504 3.29761e-06 3.23513e-06 1 1
1.02799 0.00171508 -9.24884 -7.61959e-05 1.01815 -5.23779 1.62074e-06 2.36643e-06 1 1
1.01755 0.00429383 -7.75664 -0.000987655 1.01878 -5.87033 -1.41513e-06 2.50307e-06 1 1
0.99769 0.00294419 1.13064 -0.00176532 1.00112 -0.297328 -4.35759e-06 2.62422e-06 1 1
1.04294 -0.00028452 -12.8675 -0.00130067 1.04646 -10.9535 -5.73879e-06 1.75819e-06 1 1
1.02231 -0.00192237 -5.12091 0.00012227 1.02853 -6.28714 -2.1163e-06 2.13795e-07 1 1
0.999687 0.000399502 0.797029 -0.00125798 1.0011 0.19878 -1.38275e-06 2.18166e-06 1 1
1.02952 0.00121342 -9.0424 -0.00284839 1.026 -5.90491 -7.2427e-07 2.18456e-06 1 1
1.04645 0.00215811 -16.015 -0.0026249 1.05448 -11.7014 -7.88982e-07 2.62621e-06 1 1
1.00009 0.00305946 -1.46866 -0.00155553 1.00021 0.750126 1.93429e-09 -6.83933e-08 1 1
1.02497 0.000418514 -9.28425 4.04926e-05 1.0145 -4.92598 -1.79624e-06 -2.77061e-07 1 1
1.02062 0.000161391 -7.18007 0.00063071 1.03144 -7.48832 -2.10636e-06 2.47969e-06 1 1
0.99904 -0.000845386 1.37775 0.00110893 1.0017 -1.87041 -2.08863e-06 2.22709e-06 1 1
1.06366 -0.000725296 -17.6361 0.000856378 1.05798 -14.1415 4.78722e-07 1.95256e-06 1 1
1.03079 -0.00202286 -8.73432 0.000739402 1.03776 -8.37226 1.19642e-06 1.58421e-06 1 1
1.00071 -0.000271986 -1.18377 5.88959e-05 1.00028 0.115257 9.06705e-07 7.84866e-07 1 1
1.03172 0.00149785 -10.9175 0.000845169 1.03125 -8.423 1.65975e-06 1.34224e-06 1 1
1.03141 0.00144719 -11.2837 0.00149924 1.03109 -9.19411 -1.70629e-07 6.00853e-07 1 1
0.998967 0.00224396 1.62308 -0.000658577 1.00022 -0.444364 -1.85711e-06 1.30803e-06 1 1
1.03097 -0.000368837 -7.10485 -0.000939473 1.03294 -8.42945 -2.86518e-06 2.0023e-06 1 1
1.03375 -0.00126277 -9.12129 -0.000307942 1.03308 -6.72996 5.3979e-07 -3.40795e-07 1 1
1.00019 -0.00073412 -0.0875022 -0.00058355 1.00079 -0.0174437 3.90463e-07 -1.79759e-07 1 1
1.07119 0.000537414 -23.5827 -0.000705242 1.07044 -15.4861 -7.61305e-07 -2.17088e-07 1 1
1.03799 0.0025135 -14.7063 -0.000884838 1.03713 -9.1105 7.77083e-07 8.34895e-07 1 1
1.00132 0.000793629 -0.323975 0.000554765 1.00124 -0.727346 2.03897e-06 4.30994e-07 1 1
1.03094 0.000361625 -10.0194 7.71126e-05 1.03133 -8.10881 1.93352e-07 8.60884e-07 1 1
1.09277 0.000802151 -28.2597 0.000344562 1.09088 -21.2499 8.30869e-07 1.03077e-06 1 1
1.00204 -0.00109324 -0.110444 0.00224415 1.00247 -1.48563 3.28793e-06 2.41506e-07 1 1
1.04281 -0.00319508 -15.3932 0.000905935 1.04286 -11.1849 -6.30109e-07 -1.19131e-06 1 1
1.04494 -0.00248193 -14.8853 0.00165501 1.04345 -11.6299 -7.29301e-07 -1.56311e-06 1 1
1.00124 0.0009106 -0.749539 0.000801176 1.0005 -0.187986 1.99542e-06 2.81505e-07 1 1
1.00375 0.0021099 -1.02136 0.00110742 1.00301 -0.956127 4.66966e-06 2.73634e-06 1 1
1.11709 -0.116797 -39.3457 -0.0376958 1.08679 -31.7849 -5.89387e-05 -0.000298841 1 1
0.999674 -0.00102414 1.51198 0.000353527 1.001 -0.377263 -1.47938e-06 1.44216e-06 1 1
1.00138 -0.000200235 -0.460446 0.000244954 0.999733 0.404468 1.75212e-06 1.81306e-08 1 1
1.00027 4.08392e-05 -0.527861 0.00018719 1.00064 -0.483922 7.4019e-07 -4.08089e-07 1 1
0.999275 0.00165799 0.243339 -0.001394 0.998716 -0.152681 -7.38759e-07 5.81563e-08 1 1
1.00021 0.00140482 0.394179 -0.00132305 1.00177 -0.430403 -2.50593e-07 1.16932e-06 1 1
1.00017 0.000554821 0.00787518 0.000278565 0.999937 -0.141046 2.64894e-07 -6.04631e-08 1 1
0.998835 -0.000769504 1.59802 -0.000211283 0.999098 -0.15691 -9.69426e-07 -9.56859e-07 1 1
1.00007 -0.00128039 0.342431 0.00104066 0.998992 -0.655349 2.11882e-08 -2.12998e-08 1 1
1.00114 0.00113688 0.255012 5.675e-06 1.00098 -2.1406 6.30557e-07 1.60866e-06 1 1
0.998055 0.00119524 1.65824 -0.00226787 0.998292 -0.809437 -1.42307e-06 -1.71373e-06 1 1
0.999741 0.00212269 0.921466 -0.00152303 1.00199 -0.644916 -1.42504e-06 2.46658e-06 1 1
0.997992 -0.00213843 1.43385 6.37836e-05 0.99786 0.382954 -1.55254e-06 -1.96276e-06 1 1
1.00188 0.000372885 -0.727669 0.00144029 1.00219 -1.11416 1.41973e-06 2.1969e-06 1 1
0.998965 0.000599065 1.22073 0.000335882 0.997747 0.262264 -9.4197e-07 -5.2374e-07 1 1
0.999966 -0.00267995 1.23452 0.000450317 1.00208 -1.60125 -5.25413e-07 1.18092e-06 1 1
1.00054 0.0019631 -1.28069 0.000755469 0.997923 -1.08652 1.21289e-06 -1.08886e-06 1 1
0.999479 -0.000383541 2.24856 -0.00106807 1.00024 -1.54499 -8.90027e-07 9.38373e-07 1 1
0.999994 0.00128482 1.07673 -0.000674516 1.0003 -2.18279 -6.71822e-07 1.40441e-06 1 1
1.00056 -0.00252576 -0.194734 0.000382478 1.00247 -2.61619 4.02945e-07 1.14141e-06 1 1
1.00035 0.00126144 -1.53332 0.000215426 0.999542 -1.25673 8.2266e-07 -5.88786e-07 1 1
0.999357 -4.71695e-05 0.780118 0.000431597 0.999815 -0.941294 -5.14629e-07 -1.68369e-07 1 1
1.00045 -0.00126994 0.485187 0.000421226 1.00131 -1.18565 6.99165e-08 1.42228e-06 1 1
0.999962 0.00249302 -0.460215 -0.000749815 0.997555 -1.20272 1.81107e-07 -1.29274e-07 1 1
1.00006 -6.21712e-06 0.092535 -0.000731828 1.00253 -2.23817 -8.24468e-07 2.77321e-06 1 1
0.999802 -0.000310122 -0.3182 0.000124055 0.999416 -1.84301 3.72562e-07 -1.28757e-06 1 1
1.00005 -0.000104393 -0.000672261 0.000255709 1.00147 -0.790806 2.20101e-07 -2.48834e-07 1 1
1.00001 0.000133217 0.536731 0.000548113 0.999514 1.25447 -6.48894e-07 1.82969e-06 1 1
1.00005 -0.000260035 -0.0274482 0.000469883 0.999195 -1.57112 3.92579e-07 -6.69567e-07 1 1
0.999981 -0.000330291 0.573924 4.87785e-05 1.00202 -1.22468 -5.41251e-07 1.18873e-06 1 1
1.00005 0.000611805 -0.371441 2.94517e-05 1.00056 1.15043 4.41121e-07 -4.34733e-07 1 1
0.999725 -0.000373613 1.19075 -0.00035135 0.997632 0.456537 -1.27015e-07 -5.0225e-07 1 1
1.00101 0.002903 -0.845669 -0.00116398 0.998421 -1.98462 9.88187e-07 9.96661e-07 1 1
1.00005 -8.29588e-05 0.351122 -0.00100262 1.00456 -1.88707 -2.06063e-07 1.45179e-06 1 1
0.999618 5.7098e-05 -0.35554 0.000312708 1.00111 0.0617583 -6.96428e-07 5.83623e-07 1 1
1.00101 -2.66143e-05 -0.641913 0.000585439 0.997066 -0.238111 1.18408e-06 4.93452e-07 1 1
0.999597 -0.000149709 0.0919544 -6.13324e-05 1.00283 -3.42775 -5.49036e-07 1.20801e-06 1 1
1.00136 -0.00378366 -1.76675 0.00278658 1.00403 1.57927 1.74268e-06 -9.11247e-07 1 1
1.00064 -0.00347739 -2.0361 0.00242451 0.999614 5.12928 1.94269e-06 -2.28229e-06 1 1
1.0012 -2.53481e-05 -3.4353 0.00155203 0.996472 2.55328 2.54411e-06 -1.94317e-06 1 1
1.00107 0.00118147 -1.63554 0.000369517 0.999935 -0.314501 1.13932e-06 8.26552e-07 1 1
1.0006 -0.00379057 -2.11793 0.00114286 1.00126 -0.0946572 1.04549e-06 -1.17835e-07 1 1
1.00109 -0.000742975 -4.34761 0.00148519 1.0007 -0.881084 1.81506e-06 -1.20213e-06 1 1
1.00003 0.000185673 -2.68764 0.000663496 0.99899 0.911616 4.078e-07 -5.47984e-07 1 1
1.00124 0.000953947 -0.934212 0.000137302 0.999435 -0.422397 1.4557e-06 1.28744e-06 1 1
0.946044 -0.000157148 15.9361 -0.000307338 0.95097 10.0061 6.08796e-07 2.47516e-07 1 1
1.00061 0.0018565 -1.00069 0.000254277 0.999664 -1.26891 3.84264e-07 1.71174e-06 1 1
1.00002 0.000767201 0.207015 -0.000303391 1.00093 -3.25468 -5.29795e-07 1.07164e-06 1 1
0.999731 0.00144686 1.16696 -0.000662548 0.999967 -1.76132 -2.72963e-08 -4.95644e-07 1 1
0.999304 -0.000216059 1.48387 -0.000980062 1.00235 -0.837713 -1.35028e-06 1.9873e-06 1 1
0.999669 -0.00258635 -0.237782 0.00120819 1.00033 0.802234 5.46712e-08 -9.5288e-07 1 1
0.999845 0.00018835 -0.363095 0.000425586 0.999048 0.874402 3.71438e-07 -8.35503e-07 1 1
1.0007 0.00212472 0.535837 -0.000141035 0.999865 -0.520043 -2.69883e-08 2.27685e-06 1 1
0.999186 -0.000963984 1.13716 -0.000277195 1.00019 -0.708121 -4.27693e-07 -1.12428e-06 1 1
1.00044 -0.000191312 -0.447188 -0.000333741 1.0006 0.836733 4.50441e-07 7.193e-07 1 1
1.00142 0.00112764 -1.73224 6.12303e-05 1.00053 0.0353751 1.38299e-06 9.7675e-07 1 1
0.99962 0.000718643 0.0758179 -0.000298876 0.999367 -0.790778 -7.4089e-08 -1.13302e-06 1 1
1.00001 0.000900735 -0.0201543 -0.000930971 1.00165 0.729627 -2.82489e-07 1.07901e-06 1 1
0.999694 -0.000318287 -0.106832 -0.000872985 0.998692 0.706923 4.07653e-07 -1.93165e-06 1 1
1.00122 0.000716515 -1.58014 -0.000292697 1.00172 0.527464 4.16237e-07 2.26668e-06 1 1
1.00023 0.00164416 -0.890697 -0.000370829 0.998874 0.275952 6.7898e-07 -6.23272e-07 1 1
0.895252 0.00138089 34.391 -0.000664079 0.892654 22.4593 9.04835e-07 1.94921e-06 1 1
0.877376 -0.0358129 54.2674 0.0391338 0.793029 39.5244 9.53697e-05 -9.42258e-05 1 1
1.00071 0.00209666 -0.806267 -0.00124967 1.00082 1.32031 4.33587e-07 1.92038e-06 1 1
0.91704 0.00192307 24.877 -8.48667e-05 0.915411 19.8204 1.26839e-06 2.05283e-06 1 1
0.999091 -0.0012892 1.30927 -0.000293575 1.00188 -2.14143 -7.76342e-07 -3.01053e-07 1 1
0.970073 -0.00340089 9.27026 0.001495 0.971124 6.93008 -8.51926e-07 7.63623e-07 1 1
0.964309 0.00202018 11.5901 0.000261771 0.964008 9.32138 4.47936e-07 -6.80378e-07 1 1
0.996768 0.000840039 0.882918 -0.00226568 0.99744 1.41857 -4.93361e-06 -3.37548e-07 1 1
0.933964 -0.000885378 20.9976 0.000347002 0.933773 15.181 1.23843e-06 5.74108e-07 1 1
0.969384 -0.000209301 9.38792 0.000647187 0.969148 6.08086 2.22988e-06 5.52095e-07 1 1
0.999892 0.000234713 -0.434375 -0.000307322 1.00006 0.121274 -3.96109e-08 -2.04263e-07 1 1
0.9685 -0.000169727 9.55565 -0.000287119 0.96906 8.05101 -4.47185e-07 1.31817e-07 1 1
0.969532 -0.00111498 10.7948 0.000496211 0.969326 8.23575 8.33939e-08 -9.95758e-07 1 1
0.999944 -0.00151675 0.248072 0.00104452 1.00054 0.0912883 8.65085e-07 -1.72827e-06 1 1
0.970997 -0.000280613 8.49831 0.000214748 0.968945 8.52764 8.09896e-07 -3.82386e-07 1 1
0.971575 -0.000390987 8.36944 -4.44033e-05 0.965721 7.07791 6.61319e-07 -6.43537e-07 1 1
1.00016 0.000993364 -0.386029 0.000167918 1.00029 -0.123596 2.32102e-07 2.29593e-08 1 1
0.940149 -0.00204501 18.3244 0.000180472 0.945597 12.3919 -1.47532e-07 -2.34821e-06 1 1
0.97902 -0.00152835 7.56236 0.000941033 0.968692 6.69305 4.35858e-08 -4.49152e-07 1 1
0.998564 0.00240126 -0.15583 -0.000261933 0.996914 0.827686 -1.39323e-06 -1.53772e-06 1 1
0.97281 -0.00161952 10.8227 -0.000754365 0.984125 5.21739 -2.51828e-06 3.90595e-07 1 1
1.001 -0.00141037 -0.132599 0.000507264 1.00124 -0.47206 1.02373e-06 5.95737e-07 1 1
1.0005 3.05974e-05 -0.892805 0.000671089 1.00028 -0.149436 7.36979e-07 -7.40332e-07 1 1
0.95597 0.000859677 13.6944 -9.08318e-05 0.951004 11.8499 3.20503e-07 -6.23785e-07 1 1
0.947896 -0.00240642 16.1611 0.000449161 0.94736 12.1084 -6.44925e-07 -1.68205e-06 1 1
1.0009 0.00144974 -0.643252 0.000180023 0.999988 0.238486 6.34302e-07 7.18312e-07 1 1
0.954347 0.00093678 15.2148 -0.00087078 0.954244 10.6223 -1.36619e-06 -1.01064e-06 1 1
0.981196 -0.00145739 7.70146 -0.000960476 0.981629 5.74692 -1.37456e-06 -1.00409e-06 1 1
1.00081 -0.000481203 -0.324215 0.000865589 1.00073 -0.474618 4.07597e-07 1.50768e-06 1 1
0.974919 -0.000597001 7.44486 0.000394547 0.98323 5.15959 7.52927e-07 -5.27573e-07 1 1
0.959154 0.000306747 12.3402 0.000105988 0.954383 9.43895 -4.49059e-08 3.96561e-09 1 1
1.0001 0.00139776 -0.0211742 -0.000269061 1.00003 -0.0170819 -3.05611e-07 8.04464e-07 1 1
0.980184 0.00332828 6.11038 -0.00119137 0.980344 5.4972 -1.3159e-06 3.84247e-06 1 1
0.978082 -0.000235482 7.99905 -0.000678108 0.982526 3.94601 -2.84723e-06 -2.45546e-07 1 1
1.00147 -0.000193854 0.465359 -0.000240255 1.00312 -0.785162 -7.19187e-08 3.30466e-06 1 1
1.00146 0.000838915 -0.644598 -0.000719899 1.00167 0.290732 4.29591e-07 2.69834e-06 1 1
1.00005 -0.000822537 -0.0971764 0.000193895 1.00055 0.12275 1.90081e-07 -3.63974e-08 1 1
1.0006 -0.000424637 -0.588976 0.00115343 1.00073 0.182877 4.67942e-07 9.41429e-07 1 1
0.999942 -0.00213697 0.125586 0.00246956 0.997978 -0.447204 3.03214e-07 -6.14099e-08 1 1
1.00125 -0.00162541 0.212915 0.00279786 1.0012 -1.54432 1.23684e-06 1.67233e-06 1 1
0.999938 -0.00173405 0.351238 0.00183632 1.00206 -0.971047 -6.46662e-07 1.2375e-06 1 1
0.999988 -0.00686431 1.23286 0.00374394 1.00213 -1.10147 2.06633e-06 -4.70098e-06 1 1
1.00507 0.00524078 -2.80782 0.000932785 1.00053 2.55798 3.14378e-06 6.48441e-06 1 1
0.999286 0.00063299 1.34042 -0.00352613 1.01428 -4.11927 -4.24178e-06 9.43367e-06 1 1
0.996899 0.0079854 -2.26895 -0.000743047 0.98241 5.02062 -1.78483e-06 -8.55059e-07 1 1
0.997775 -0.00465936 3.10041 -0.00318752 1.01294 -3.11313 -4.54312e-06 4.45455e-06 1 1
1.00317 0.00540433 -2.50332 -0.0012994 0.999868 2.10231 3.07607e-06 3.23041e-06 1 1
1.00297 0.00644136 -2.16227 -0.00517007 1.00144 2.43644 4.40972e-06 -3.80227e-07 1 1
0.999998 0.0143892 -2.61408 -0.0117024 1.00092 4.63945 1.71573e-06 -3.73343e-06 1 1
1.0008 0.0299392 -5.44966 -0.0244395 0.993322 10.8342 -7.52069e-07 7.15644e-06 1 1
0.998583 0.0343988 -5.78329 -0.0363319 1.0083 7.38662 -3.64722e-06 9.58473e-06 1 1
1.00352 0.0484302 -12.5582 -0.0436679 1.00767 13.6523 6.25247e-06 3.72555e-06 1 1
0.99708 0.0647001 -13.8767 -0.0575227 0.998208 19.8106 -2.35707e-06 7.42113e-06 1 1
0.99192 0.0657984 -10.9097 -0.0612027 0.995597 19.956 -6.7533e-06 2.18934e-06 1 1
0.952296 0.0432376 5.11543 -0.0611242 0.975654 19.9163 -3.98666e-05 -1.65524e-05 1 1
0.991212 0.0468113 -6.2927 -0.0482471 1.00015 14.2357 -1.14596e-05 7.03702e-06 1 1
0.992027 0.0408867 -5.98792 -0.0428409 0.997371 12.7145 -1.00724e-05 5.67112e-06 1 1
0.972778 0.0350888 0.629614 -0.0398175 0.99478 9.85677 -2.81454e-05 1.4782e-05 1 1
1.00166 0.0147212 -4.51369 -0.0193237 1.01327 0.0949821 2.33318e-06 6.8864e-06 1 1
1.00485 0.01252 -8.10138 -0.0124222 1.01383 2.39908 7.97117e-06 -4.53463e-07 1 1
1.00363 0.0125138 -7.64338 -0.00690096 1.00225 5.92031 7.64788e-06 -2.59019e-06 1 1
0.996866 -0.000612745 -1.04269 -0.000414953 0.994142 2.43777 9.10522e-08 -2.99941e-06 1 1
1.00194 -0.0160567 -0.162027 0.0100564 1.00847 -4.73591 6.4092e-06 -5.62176e-06 1 1
1.0066 -0.0195524 -2.57398 0.0147737 1.00522 -0.745553 1.52783e-05 -1.01474e-05 1 1
1.00764 -0.0289586 -3.16699 0.02306 1.00356 -1.98828 1.94216e-05 -1.29941e-05 1 1
1.01417 -0.0317472 -6.30185 0.0313174 1.00312 -3.11922 3.01953e-05 -1.4721e-05 1 1
1.01151 -0.0343045 -6.39133 0.0361951 0.995603 -4.24331 2.91502e-05 -2.05957e-05 1 1
1.00784 -0.0536191 -1.57834 0.0487833 1.00426 -10.046 2.8527e-05 -2.73406e-05 1 1
1.00128 -0.0651365 -0.121485 0.057304 0.992126 -7.62715 2.93943e-05 -4.05098e-05 1 1
1.01027 -0.0571443 -4.41411 0.0621487 0.989282 -6.89254 3.66083e-05 -2.35105e-05 1 1
1.00921 -0.0629032 -3.43819 0.0641943 0.978995 -12.3819 3.70887e-05 -3.00795e-05 1 1
1.01389 -0.0720432 -3.21883 0.0744179 1.00368 -22.5331 4.43322e-05 -2.87756e-05 1 1
1.01994 -0.0782644 -5.71527 0.0794424 1.00439 -16.4411 5.73149e-05 -3.72064e-05 1 1
1.02722 -0.08178 -9.27731 0.086088 0.998459 -15.3377 7.27759e-05 -4.98552e-05 1 1
1.02728 -0.0633872 -12.6231 0.0804938 0.989603 -11.4116 7.01688e-05 -4.46962e-05 1 1
1.02227 -0.0666049 -7.52157 0.0792184 1.0061 -14.8965 5.85497e-05 -4.35855e-05 1 1
1.01551 -0.0585458 -3.87029 0.0748194 0.985152 -7.29281 4.16318e-05 -3.10189e-05 1 1
1.00503 -0.0617222 4.65711 0.07185 0.988167 -12.0914 1.93724e-05 -2.01289e-05 1 1
1.01181 -0.0586766 8.40474 0.0761277 0.991535 -17.0739 2.05495e-05 -6.69068e-06 1 1
0.99804 -0.047332 16.2479 0.0605806 1.00031 -17.0333 -3.51241e-06 -7.41288e-06 1 1
0.988246 -0.0542762 24.6553 0.0458811 0.98687 -7.41875 -2.05567e-05 -9.72779e-06 1 1
0.984311 -0.0573967 25.4822 0.0435902 0.990803 -7.20839 -2.72472e-05 -1.53912e-05 1 1
0.978916 -0.051256 25.5021 0.0409609 0.989506 -1.49923 -3.57688e-05 -2.60266e-05 1 1
0.978245 -0.0418902 26.3155 0.0333412 0.976449 8.80166 -3.82358e-05 -3.36204e-05 1 1
0.967878 -0.0186338 30.012 0.0113016 0.958575 17.9801 -5.7943e-05 -2.52826e-05 1 1
0.969933 -0.0193825 32.8016 -0.0046199 0.968696 16.9538 -5.27085e-05 -2.63149e-05 1 1
1.01073 0.0552054 9.71183 -0.0270349 0.999462 20.3901 -2.11398e-05 2.32912e-05 1 1
0.987843 0.0624728 17.1988 -0.0683714 0.976629 32.2219 -3.05059e-05 -1.46379e-07 1 1
0.941574 0.102296 16.7978 -0.104258 0.94792 39.676 -8.02354e-05 6.73678e-07 1 1
0.925988 0.133654 16.5562 -0.133744 0.964625 36.8729 -0.000109823 3.82432e-05 1 1
0.965294 0.182551 9.60135 -0.155803 1.04711 34.1439 -7.92363e-05 0.000148566 1 1
0.924713 0.137721 19.5609 -0.151881 0.962205 43.3456 -9.96074e-05 3.35576e-05 1 1
0.918496 0.129692 18.6413 -0.135477 0.954022 31.1986 -0.000119549 5.02289e-05 1 1
0.951576 0.101387 17.0329 -0.119192 1.0376 13.4155 -7.91216e-05 5.06372e-05 1 1
0.963432 0.111021 3.84484 -0.118098 0.976238 33.2683 -5.34527e-05 3.06495e-05 1 1
0.956774 0.057069 5.3132 -0.113829 1.00565 25.4862 -5.10395e-05 -1.75831e-05 1 1
0.981826 0.041591 -12.6002 -0.0724127 1.02698 29.7597 -2.1729e-05 2.80488e-05 1 1
0.993723 0.0013412 -20.6158 -0.0304613 0.996871 25.4376 1.63773e-05 -4.72785e-05 1 1
1.04324 0.0165157 -39.0926 -0.00263944 0.99383 23.0011 7.93701e-05 -4.21404e-05 1 1
1.0221 0.0272401 -31.181 -0.0144724 0.994626 21.3015 5.2101e-05 -4.98932e-05 1 1
1.023 0.0214946 -26.6487 -0.0185604 0.988362 22.6163 4.58832e-05 -2.81747e-05 1 1
1.03405 0.028537 -29.676 -0.0177024 0.999405 15.787 5.92344e-05 -2.20852e-05 1 1
1.01673 0.035096 -26.8835 -0.0306932 1.01342 15.7773 3.69677e-05 -2.52088e-05 1 1
1.00675 0.0139213 -20.9987 -0.0217155 0.99455 19.0055 1.99197e-05 -1.57086e-05 1 1
1.01783 -0.0236187 -18.3187 0.0128952 1.00635 1.71381 3.71957e-05 -1.17124e-05 1 1
1.0271 -0.0455321 -20.7302 0.04376 1.03048 -11.7439 6.10295e-05 -3.40091e-05 1 1
1.02459 -0.0163754 -21.6715 0.0561739 1.01625 -3.53527 5.82941e-05 9.38729e-06 1 1
1.01861 -0.0515629 -11.3888 0.0660079 0.986621 -13.1361 4.79853e-05 -4.51551e-07 1 1
1.01941 -0.103426 -0.0702182 0.0951118 1.02086 -41.5842 5.73462e-05 -8.06506e-07 1 1
1.02748 -0.12223 -5.8324 0.128314 1.07179 -50.2872 6.95043e-05 2.38414e-05 1 1
1.04705 -0.140831 -14.9022 0.148898 1.0279 -35.4192 0.000118042 -3.1535e-05 1 1
1.05458 -0.135049 -23.319 0.158959 1.00808 -32.7636 0.00013604 -5.04143e-05 1 1
1.05088 -0.131753 -23.4879 0.154259 1.00675 -35.4968 0.000133656 -7.74163e-05 1 1
1.05789 -0.116311 -23.9429 0.153546 1.01876 -32.9369 0.000131106 -4.38752e-05 1 1
1.04671 -0.0765053 -18.2323 0.129096 1.01505 -25.0403 0.000105971 -2.83807e-05 1 1
1.01816 -0.034471 -7.83078 0.0823451 1.00809 -17.0201 3.8094e-05 -6.0815e-06 1 1
1.00835 -0.0195242 7.85582 0.055804 1.00949 -10.0983 3.07889e-05 -1.07864e-05 1 1
0.981685 -0.0104289 19.643 0.0175538 0.982856 5.48234 -2.18074e-05 -1.12422e-05 1 1
0.965471 -0.00568038 28.2541 -0.000498669 0.977045 10.5487 -4.61195e-05 -2.39118e-05 1 1
0.944786 0.0169002 36.0616 -0.0242788 0.954362 20.7761 -7.80568e-05 -2.07913e-05 1 1
0.926528 0.00242047 49.7064 -0.0340725 0.95217 19.0489 -0.000101651 -3.49333e-05 1 1
0.929927 0.0122075 49.6835 -0.0434203 0.966822 24.2292 -0.000108218 -2.18758e-05 1 1
0.925535 0.0194127 52.2826 -0.0497947 0.949201 32.2886 -0.000113655 -3.19478e-05 1 1
1.01738 0.0794445 30.8902 -0.0469906 1.00578 27.9792 -2.70322e-05 2.15101e-05 1 1
0.902053 0.0580156 61.4997 -0.104131 0.922621 49.2388 -0.000131148 -2.86353e-05 1 1
0.886504 0.063425 54.7346 -0.124283 0.937215 45.3518 -0.000154884 -1.76866e-05 1 1
0.902419 0.0743874 45.6975 -0.115717 0.941518 42.5674 -0.000129705 -9.71302e-06 1 1
0.919134 0.0849339 36.6979 -0.119304 0.959381 39.7765 -0.000110576 1.22062e-05 1 1
0.919504 0.070863 30.7237 -0.110498 0.947039 32.1504 -0.000110336 9.83631e-06 1 1
0.930797 0.0383127 31.2524 -0.075822 0.974009 11.6062 -9.46039e-05 2.4442e-06 1 1
0.997963 0.0202653 10.666 -0.0619411 1.03486 9.97101 -2.08582e-05 3.83416e-05 1 1
1.00842 0.0498182 -17.7715 -0.0607462 0.999526 22.6293 1.12966e-05 8.31978e-06 1 1
0.994806 0.0288294 -15.429 -0.041141 0.995982 11.959 1.29921e-06 -2.28873e-05 1 1
1.00763 -0.0190494 -12.4596 -0.00890743 1.00816 6.0908 2.41677e-05 -3.87357e-05 1 1
1.01394 -0.0166012 -20.3159 0.0107914 1.01353 9.37409 3.7506e-05 -1.82734e-05 1 1
1.00222 -0.0614408 -13.6474 0.03947 0.978787 4.05958 3.66431e-05 -6.5212e-05 1 1
1.0253 -0.082483 -16.3844 0.0756126 1.00179 -10.3595 6.92315e-05 -4.80218e-05 1 1
1.05268 -0.0742872 -25.5383 0.0916694 1.02287 -12.8873 0.00010521 -3.08986e-05 1 1
1.03284 -0.0701042 -22.3946 0.0885301 0.984843 -11.5917 7.24503e-05 -1.8469e-05 1 1
1.04313 -0.110616 -12.9502 0.115356 1.01814 -38.5693 9.20901e-05 -1.14087e-05 1 1
0.85558 -0.0745377 -12.4701 -0.0428449 0.578506 68.5333 -0.00014648 -0.000444225 1 1
1.05507 -0.073664 -36.4429 0.109322 1.01911 -15.9713 0.000123045 -4.40824e-05 1 1
1.06524 -0.0613511 -36.8313 0.0947634 0.981459 -11.1183 0.000132011 -4.31373e-05 1 1
1.04645 -0.0498996 -30.2924 0.079171 1.00591 -28.7471 9.81214e-05 -3.1773e-05 1 1
1.05044 -0.0302051 -26.4924 0.0752927 1.04829 -29.8512 8.70641e-05 -2.41653e-06 1 1
1.00856 0.016894 -17.8044 0.0311582 0.990588 -1.79052 2.13965e-05 -1.421e-05 1 1
0.983355 0.0280461 4.40343 0.00318754 0.987955 1.36611 -2.53782e-05 -2.89845e-07 1 1
0.976483 0.0188997 19.5244 -0.0202297 0.984749 8.0175 -3.57851e-05 -5.54589e-06 1 1
0.992085 0.0424333 13.6626 -0.0427318 0.998288 16.0303 -2.54881e-05 1.0461e-05 1 1
0.981181 0.0571785 13.1661 -0.0602503 0.983802 23.4205 -3.87565e-05 1.14227e-05 1 1
0.969376 0.0558422 17.5198 -0.0646506 0.984682 20.5097 -5.03114e-05 2.13943e-06 1 1
0.968206 0.0393091 21.6212 -0.0645103 0.978332 20.009 -5.08193e-05 2.90458e-06 1 1
0.964885 0.0366816 18.1571 -0.0558912 0.994768 13.2803 -5.72341e-05 9.18777e-06 1 1
0.963919 0.0216671 19.6318 -0.0340977 0.984992 8.84681 -5.85676e-05 9.4014e-06 1 1
0.973698 -0.00764818 22.9245 -0.0139526 0.999509 -0.993716 -4.68043e-05 1.45604e-05 1 1
0.992934 -0.0311658 15.8854 0.00551182 0.995818 -1.35905 -1.36631e-05 8.3693e-07 1 1
1.00024 -0.0316061 6.4763 0.0192717 0.998109 -4.8712 2.75582e-06 -5.85961e-06 1 1
1.01255 -0.0190403 -1.28708 0.0182083 1.00517 -4.89955 1.58688e-05 5.53298e-06 1 1
1.01638 0.00584183 -8.7208 0.00924809 1.00736 -5.58843 1.20209e-05 2.81688e-05 1 1
1.00405 0.0105734 -3.47904 0.00673361 0.997546 -10.4933 -2.12039e-06 2.3388e-05 1 1
1.00166 0.00916706 2.19341 0.00706753 1.00285 -17.539 -1.28968e-05 4.33888e-05 1 1
1.00357 0.0231462 3.10242 -0.000837477 1.01642 -23.8846 -1.74257e-05 6.00985e-05 1 1
0.998393 0.0227763 5.48 -0.0122646 1.02219 -24.9852 -2.72826e-05 6.78348e-05 1 1
1.00168 0.0117957 5.45912 -0.00178981 1.03476 -27.6671 -2.29863e-05 6.47145e-05 1 1
1.00237 -0.00896396 8.79896 0.0122624 1.03182 -23.7258 -1.27081e-05 4.34832e-05 1 1
1.00538 -0.0168794 5.02167 0.0132025 1.02451 -14.3721 1.96209e-07 2.08635e-05 1 1
1.00321 -0.019397 0.36064 0.010534 1.02292 -3.75282 1.10964e-05 -1.42022e-05 1 1
1.00008 -0.0238873 -2.52437 0.0111745 1.00488 9.31041 1.72773e-05 -4.65252e-05 1 1
0.994196 -0.0254708 -2.67141 0.00877003 0.98665 21.3628 2.30707e-05 -8.52475e-05 1 1
0.993212 -0.0141519 -4.20904 -0.0031902 0.969769 35.0289 1.99214e-05 -8.35599e-05 1 1
0.985577 -0.00124433 -2.15371 -0.00744709 0.961445 36.1659 8.65136e-06 -8.11685e-05 1 1
0.982105 -0.0115211 4.89494 -0.0158602 0.973212 36.8669 2.31386e-06 -8.26105e-05 1 1
0.984469 -0.029168 3.90727 -0.00618027 0.972824 39.5116 2.20692e-06 -7.65028e-05 1 1
0.994786 -0.0413326 0.818358 0.0105633 0.964841 35.0418 2.11343e-05 -8.23202e-05 1 1
1.00757 -0.0173099 -11.8055 0.00695457 0.977992 32.4675 3.72823e-05 -7.28727e-05 1 1
1.00317 -0.00202897 -12.1622 0.000143634 0.950334 39.8336 3.85826e-05 -8.85068e-05 1 1
0.995971 -0.00570511 -6.72124 -0.00347818 0.953196 35.7279 2.08562e-05 -6.78585e-05 1 1
0.995932 -0.0107372 -2.03163 0.00402819 0.960739 24.0709 1.45501e-05 -4.7613e-05 1 1
1.00068 -0.00424291 -3.67741 0.00401955 0.974877 15.0181 1.14544e-05 -2.42217e-05 1 1
1.00046 -0.00255265 -2.34454 0.00212862 0.979173 7.30072 5.48443e-06 -8.87898e-06 1 1
1.00825 0.000675474 -3.72691 0.00590511 1.00081 -5.03508 6.31356e-06 1.63372e-05 1 1
1.01006 0.00925794 -5.19415 0.00310583 1.00861 -11.3208 2.56874e-06 3.18734e-05 1 1
1.00839 0.0141707 -3.31273 0.00114252 1.01679 -18.5969 -5.25851e-06 4.54811e-05 1 1
1.00523 0.00717975 1.69816 -0.000147381 1.01773 -24.5586 -9.12337e-06 4.78473e-05 1 1
1.01621 0.00405767 -1.55662 -0.000185813 1.03518 -31.2871 -2.94581e-06 6.74174e-05 1 1
1.02043 0.038557 -12.4665 -0.00663024 1.04515 -31.3586 -2.98802e-06 7.82859e-05 1 1
1.00778 0.0540482 -7.27561 -0.0173022 1.01069 -23.1888 -1.7899e-05 7.70193e-05 1 1
0.99883 0.0620827 1.64454 -0.0227183 1.02694 -33.1588 -3.7887e-05 9.48518e-05 1 1
1.00078 0.0556817 9.31219 -0.0310839 1.03893 -33.851 -3.94439e-05 0.000108509 1 1
0.993755 0.0380229 12.0852 -0.0314464 1.04974 -33.9119 -5.17145e-05 0.000105871 1 1
0.999975 0.00497554 9.89542 -0.00908396 1.04282 -30.2949 -3.04263e-05 7.7706e-05 1 1
1.01317 -0.0115491 1.37527 0.00940813 1.04486 -28.043 -2.23611e-07 5.00381e-05 1 1
1.01612 -0.0152544 -3.9125 0.0210424 1.02664 -19.9413 1.53189e-05 2.21203e-05 1 1
1.00867 -0.0151903 -2.49068 0.0265449 1.02133 -15.3922 1.27949e-05 -1.19534e-06 1 1
0.995166 -0.0216312 4.65007 0.0224489 1.01888 -4.09479 1.9089e-06 -2.66791e-05 1 1
0.986043 -0.037353 7.47746 0.0112416 0.988901 15.4249 6.74862e-06 -7.6572e-05 1 1
0.989524 -0.0337155 3.1577 0.00675114 0.974383 29.9807 1.21753e-05 -7.90361e-05 1 1
0.996757 -0.0272883 -2.93658 0.00364534 0.965249 33.722 2.70021e-05 -8.78855e-05 1 1
0.991552 -0.01833 -4.23731 -0.00156307 0.968791 34.6803 2.03486e-05 -9.07937e-05 1 1
0.994207 -0.0213566 -3.54907 -0.00120262 0.9682 37.336 2.261e-05 -8.8971e-05 1 1
0.995625 -0.027991 -3.93558 0.0011592 0.973935 35.8706 2.28379e-05 -8.45111e-05 1 1
1.00361 -0.0332606 -7.49913 0.0101943 0.972911 35.5549 3.04875e-05 -7.55126e-05 1 1
1.00963 -0.0217507 -12.759 0.0165492 0.972233 28.7343 3.5621e-05 -6.05465e-05 1 1
1.00917 -0.006659 -13.4789 0.00931083 0.982192 22.8853 3.04237e-05 -4.73256e-05 1 1
1.00628 0.00098874 -11.8502 0.0036625 0.966297 25.2986 2.46142e-05 -3.93295e-05 1 1
1.00073 0.00778762 -7.78222 -0.00119008 0.970781 16.9485 1.14887e-05 -2.14014e-05 1 1
0.999131 0.00103596 -2.4471 -0.000676044 0.980692 5.35582 1.65535e-06 -4.49011e-06 1 1
1.00417 0.00149507 -1.86941 0.00668363 0.998271 -8.37854 1.84894e-08 1.91752e-05 1 1
1.00289 0.0022069 1.51904 0.00648472 1.00448 -15.8649 -5.05012e-06 2.75264e-05 1 1
1.0074 0.0111696 0.634861 0.000379425 1.01645 -21.279 -9.03969e-06 5.01792e-05 1 1
1.00512 0.0190341 0.325729 -0.00754485 1.02383 -24.2916 -1.44368e-05 5.66224e-05 1 1
1.00922 0.018181 -0.095789 -0.00665977 1.03102 -28.6314 -1.15924e-05 6.42478e-05 1 1
1.00908 0.0243728 -2.49893 -0.0068958 1.02881 -27.3407 -1.07095e-05 6.15197e-05 1 1
1.00731 0.0242683 -1.26668 -0.0104075 1.03737 -26.8598 -1.48232e-05 6.54841e-05 1 1
1.01136 0.0128066 -2.10959 -0.00908597 1.03272 -22.6402 -1.83988e-06 4.90935e-05 1 1
1.01388 0.0158592 -7.8899 -0.00156578 1.05032 -22.6875 -1.96601e-06 6.04085e-05 1 1
1.01383 -0.00193093 -5.72738 0.0114897 1.02157 -14.529 1.25061e-05 2.29268e-05 1 1
1.01168 -0.00640582 -5.13764 0.00898217 1.01951 -10.3974 1.3355e-05 1.31246e-05 1 1
1.01227 -0.00594137 -7.58532 0.00790899 1.01457 -5.16453 1.84631e-05 2.01703e-06 1 1
1.00935 0.00301798 -9.19717 0.00665151 1.00544 -0.490617 1.62494e-05 -5.13304e-06 1 1
0.998219 0.00393194 -3.32421 0.0023461 0.993183 2.75371 4.83365e-06 -1.67334e-05 1 1
0.988447 0.0147487 2.19406 -0.00315692 0.993159 4.83071 -1.00614e-05 -2.23863e-05 1 1
0.973683 0.00867706 14.5547 -0.0144254 0.976338 13.5413 -3.09725e-05 -2.59399e-05 1 1
0.969152 -0.000520702 19.3369 -0.0183504 0.974848 14.6974 -3.99977e-05 -2.50116e-05 1 1
0.975877 -0.00601322 19.1455 -0.0125129 0.981204 11.98 -3.52168e-05 -1.25636e-05 1 1
0.970978 0.00529305 16.0035 -0.010648 0.981284 10.852 -3.58484e-05 -2.61196e-05 1 1
0.969246 -0.000772726 24.1146 -0.0184073 0.969297 18.6693 -4.52995e-05 -1.50501e-05 1 1
0.970012 0.00358909 20.8761 -0.0183837 0.968548 12.6479 -4.37901e-05 -6.72512e-06 1 1
0.973439 0.0091829 20.3942 -0.0134727 0.995808 2.5751 -4.85272e-05 8.72854e-06 1 1
0.944812 0.0141594 27.1814 -0.0192435 0.95849 9.51717 -8.65046e-05 2.96918e-06 1 1
0.962491 0.00312051 36.2745 -0.0162493 0.979013 0.412279 -6.64654e-05 1.86299e-05 1 1
0.994508 -0.00455496 23.0357 -0.0253667 1.01417 -1.54516 -3.08297e-05 4.00196e-05 1 1
0.995871 -0.0292042 8.39643 -0.0168177 1.01488 -2.73458 -1.24054e-05 2.38168e-05 1 1
1.03384 -0.0397246 -15.1702 0.0247366 1.02894 -15.4906 5.47161e-05 -2.90312e-07 1 1
1.05723 -0.0192743 -32.4774 0.0347138 1.04087 -11.7267 8.80331e-05 -4.18322e-06 1 1
1.05158 0.00134816 -37.4767 0.023944 1.01518 -0.928636 8.45118e-05 -1.47217e-05 1 1
1.03741 0.00620098 -31.9372 0.0146433 1.01016 -2.28482 5.75685e-05 7.28798e-07 1 1
1.03938 0.00212394 -28.6751 0.0140639 1.0199 -8.14569 5.58176e-05 1.2707e-05 1 1
1.04218 -0.00154979 -30.7168 0.0145668 1.03231 -11.1428 6.49852e-05 2.91573e-06 1 1
1.0462 0.00830898 -35.4485 0.0126508 1.02555 -5.60747 7.08133e-05 4.29457e-06 1 1
1.04127 0.00731844 -34.3434 0.00867238 1.02093 -4.20034 7.1028e-05 -8.896e-06 1 1
1.04071 0.00795009 -37.9064 0.00710673 1.01812 -3.1659 7.09743e-05 -9.38176e-06 1 1
1.04626 0.0219143 -43.045 0.00930423 1.02698 -4.73438 7.64093e-05 -3.43781e-06 1 1
1.03234 0.0200801 -36.3249 0.00238287 1.01515 -0.259648 6.24468e-05 -1.71551e-05 1 1
1.04028 0.0230988 -36.9525 0.00132701 1.01874 1.07619 6.52573e-05 -5.63807e-07 1 1
1.02524 0.0282902 -32.1148 -0.00211864 1.00599 0.57001 4.63222e-05 -7.95196e-06 1 1
1.00979 0.0208034 -21.5483 -0.00136295 1.00778 -2.5927 2.07207e-05 -6.32796e-06 1 1
1.00672 0.0239731 -13.1807 -0.000971669 1.00451 -0.154917 1.14607e-05 2.08752e-06 1 1
0.989342 0.0226775 -0.97054 -0.00697562 0.995583 1.58796 -2.05429e-05 1.10196e-05 1 1
0.981583 0.00714001 10.3528 -0.00543373 0.988936 -0.397188 -2.57322e-05 -5.77425e-06 1 1
0.985012 0.00676759 12.8949 -0.00697011 0.998854 1.26621 -3.01031e-05 9.73045e-06 1 1
0.960608 -0.00580342 22.3298 -0.00823504 0.972979 3.57849 -5.44417e-05 -1.42859e-05 1 1
0.971853 0.00244832 24.0025 -0.000146972 0.986588 -0.494814 -5.32247e-05 9.59406e-06 1 1
0.97626 -0.00309439 30.377 -0.00211306 0.982925 0.0562984 -4.72594e-05 -3.3441e-06 1 1
0.963359 -0.00267742 36.2152 -0.0141976 0.976587 3.18352 -6.67477e-05 8.18062e-06 1 1
0.959567 0.00397311 35.7332 -0.0205644 0.97698 2.21973 -7.5625e-05 1.16263e-05 1 1
0.948642 0.00378306 39.7739 -0.0224171 0.978943 0.0441127 -8.55068e-05 6.06645e-06 1 1
0.952608 -0.00305055 41.4009 -0.0175609 0.989287 -0.130351 -8.41562e-05 1.93759e-05 1 1
0.955492 -0.0163514 40.0016 -0.0129563 0.98241 0.891434 -7.57462e-05 9.19861e-06 1 1
0.963541 -0.0278782 33.5874 -0.00547697 0.980091 0.434521 -6.00538e-05 1.71744e-06 1 1
0.982206 -0.0238223 22.0242 0.00176012 0.997183 -3.47168 -3.63167e-05 1.53902e-05 1 1
0.998649 -0.0248827 11.0818 0.00634138 1.00051 -3.39933 -4.33994e-06 2.64464e-06 1 1
1.00812 -0.017188 -0.675438 0.00701355 1.00326 -2.79013 1.14717e-05 -1.68512e-08 1 1
1.01602 -0.0121435 -7.62859 0.0110661 1.01137 -4.55567 2.35301e-05 2.53179e-06 1 1
1.02076 -0.0176317 -10.8631 0.0153081 1.01322 -5.11466 3.25189e-05 1.39322e-06 1 1
1.02406 -0.0111526 -16.1162 0.0181716 1.01348 -5.19977 4.0021e-05 -4.46454e-06 1 1
1.02312 -0.0102968 -16.326 0.0157499 1.00515 -3.34728 4.14039e-05 -8.00057e-06 1 1
1.03155 -0.00497497 -19.7151 0.0115124 1.03061 -7.27491 3.85759e-05 2.71279e-05 1 1
1.03313 -0.0020466 -22.909 0.0138919 1.02279 -5.20244 5.40372e-05 2.48358e-06 1 1
1.02722 0.00372347 -23.8963 0.00969037 1.00993 -1.56046 5.04448e-05 -8.84058e-06 1 1
1.02143 0.00080547 -22.0854 0.00798658 1.00696 -1.75297 4.37759e-05 -1.54106e-05 1 1
1.02876 -0.00128104 -23.0735 0.0102002 1.01963 -3.31018 5.1596e-05 -6.92885e-06 1 1
1.0268 0.00716178 -24.859 0.0091535 1.01331 0.907132 4.73801e-05 -6.85271e-06 1 1
1.02022 0.0057082 -21.282 0.00798695 0.999145 1.84712 4.06448e-05 -1.44019e-05 1 1
1.01775 0.00625504 -18.2196 0.00641278 1.00381 -1.6978 3.39387e-05 -8.60778e-06 1 1
1.01602 0.0128987 -15.6303 0.00412235 1.00949 -2.21561 2.7366e-05 3.20084e-09 1 1
1.01037 0.00997242 -10.661 -0.000942469 1.00301 0.162678 1.82656e-05 -1.62568e-06 1 1
1.00595 0.0111288 -7.93201 -0.00321536 1.00439 0.0444003 1.0434e-05 7.7998e-07 1 1
1.00191 0.0083348 -4.12621 -0.00242935 1.00228 0.362773 2.88979e-06 1.95336e-06 1 1
1.00292 0.0115738 -2.47899 -0.00216107 1.0012 0.770089 3.1101e-06 2.54968e-06 1 1
0.99021 0.0126295 3.59825 -0.00583277 0.993537 1.6951 -1.50302e-05 5.9315e-07 1 1
0.985011 0.0100929 9.86151 -0.00765395 0.993195 1.36515 -2.69353e-05 7.54582e-06 1 1
0.987533 0.00584528 11.5197 -0.00805699 0.9943 0.595521 -2.46397e-05 1.14614e-05 1 1
0.985873 0.0024613 12.1054 -0.00891821 0.995848 -0.790027 -2.47981e-05 7.35878e-06 1 1
0.999302 0.00820919 6.56513 -0.00671345 1.0076 -1.29335 -1.21077e-05 1.96359e-05 1 1
